0.0	0.389272727272727	0.0
0.0	0.2627818181818183	0.0
0.0	0.995	1.0
0.0	0.09460000000000003	0.0
0.14	0.9468363636363637	0.7727272727272727
0.0	0.2232855731225296	0.0
0.0	0.9276271186440678	0.13559322033898305
0.08108108108108109	0.896424644983967	0.13513513513513514
0.022222222222222223	0.18244444444444455	0.022222222222222223
0.0	0.09582539682539684	0.0
0.0	0.841938775510204	1.0
0.017857142857142856	0.8609056122448979	0.08928571428571429
0.0	0.3669642857142857	0.0
0.0	0.16251566416040095	0.0
0.0	0.042555555555555555	0.0
0.0	0.9703999999999999	1.0
0.01639344262295082	0.057950819672131094	0.01639344262295082
0.01639344262295082	0.030299358517462637	0.021739130434782608
0.0	1.0869565217391303E-4	0.0
0.0	0.995	1.0
1.0	1.0	1.0
1.0	1.0	1.0
1.0	1.0	1.0
0.0	0.005	0.0
0.0	0.0	0.0
0.0	0.018425925925925977	0.018518518518518517
0.018518518518518517	0.9950925925925926	1.0
0.0	0.005	0.0
0.0	0.995	1.0
0.04081632653061224	0.9906122448979592	1.0
1.0	1.0	1.0
1.0	1.0	1.0
0.42105263157894735	0.9828947368421052	0.4473684210526316
0.0	0.08980392156862742	0.0
0.0	0.995	1.0
1.0	1.0	1.0
0.02631578947368421	0.9085526315789495	0.02631578947368421
0.0	0.035355263157894744	0.0
0.0	0.07554545454545453	0.0
0.0	0.01809090909090902	0.01818181818181818
0.01818181818181818	0.995090909090909	1.0
1.0	1.0	1.0
0.0	0.005	0.0
0.0	0.995	1.0
0.0	0.005	0.0
0.0	0.995	1.0
0.0	0.005	0.0
0.0	0.012934782608695652	0.0
0.0	0.995	1.0
1.0	1.0	1.0
0.0	0.020106382978723403	0.0
0.0	0.005	0.0
0.0	0.9478888888888889	0.37777777777777777
0.06521739130434782	0.9744565217391304	0.2391304347826087
0.041666666666666664	0.9582291666666667	0.5208333333333334
0.16666666666666666	0.8245238095238085	0.23809523809523808
0.0392156862745098	0.7022478991596638	0.27450980392156865
0.09259259259259259	0.789204793028322	0.5
0.05	0.5397499999999993	0.21666666666666667
0.022222222222222223	0.4330277777777779	0.28888888888888886
0.022727272727272728	0.30190909090909074	0.022727272727272728
0.13636363636363635	0.9956818181818181	1.0
0.12698412698412698	0.48388888888888787	0.4444444444444444
0.09433962264150944	0.5304881701108128	1.0
0.0	0.33931922488526306	0.24324324324324326
0.10909090909090909	0.3312628992628986	0.10909090909090909
0.0	0.4857114624505931	0.0
0.0	0.22050271739130425	0.0
0.22916666666666666	0.9961458333333334	1.0
0.0	0.6221875000000007	0.0
0.0	0.35714285714285715	0.0
0.0	0.8069767441860466	0.5581395348837209
0.0196078431372549	0.3505357957136339	0.0196078431372549
0.0196078431372549	0.7738818229994701	0.16216216216216217
0.02040816326530612	0.7611224489795917	0.8163265306122449
0.08333333333333333	0.5355782312925174	0.3333333333333333
0.037037037037037035	0.5146412037037038	0.2037037037037037
0.1590909090909091	0.40004629629629684	0.25
0.21818181818181817	0.5947272727272711	0.32727272727272727
0.11538461538461539	0.6081608391608395	0.21153846153846154
0.05	0.7097884615384615	0.35
0.1836734693877551	0.5469897959183683	0.2857142857142857
0.06	0.39262857142857127	0.38
0.09523809523809523	0.3416809523809532	0.2619047619047619
0.2619047619047619	0.42761904761904873	0.35714285714285715
0.12962962962962962	0.42289682539682444	0.35185185185185186
0.11475409836065574	0.4918837279902843	0.11475409836065574
0.1111111111111111	0.4881129326047347	0.1111111111111111
0.12244897959183673	0.2737777777777776	0.12244897959183673
0.06976744186046512	0.6322259136212621	0.11627906976744186
0.019230769230769232	0.21067307692307696	0.11538461538461539
0.07692307692307693	0.9953846153846154	1.0
0.06666666666666667	0.14533333333333295	0.08888888888888889
0.15555555555555556	0.9957777777777779	1.0
0.109375	0.65	0.125
0.359375	0.996796875	1.0
0.022727272727272728	0.4447727272727287	0.022727272727272728
0.32432432432432434	0.5396406633906627	0.43243243243243246
0.0425531914893617	0.4292898217366304	0.3617021276595745
0.09433962264150944	0.3596969088719393	0.1509433962264151
0.0	0.3763207547169813	0.0
0.03636363636363636	0.36042195540308775	0.03636363636363636
0.07272727272727272	0.5046228956228961	1.0
0.0	0.270601851851852	0.027777777777777776
0.11320754716981132	0.3239910901467504	0.1320754716981132
0.0	0.1723270440251572	0.06666666666666667
0.02564102564102564	0.08597435897435879	0.05128205128205128
0.05128205128205128	0.5424358974358978	0.07692307692307693
0.19444444444444445	0.36991452991452944	0.25
0.11538461538461539	0.34817307692307714	0.11538461538461539
0.08163265306122448	0.2503610675039246	0.08163265306122448
0.04	0.19160816326530605	0.04
0.04	0.9952	1.0
0.0625	0.42885416666666665	0.0625
0.05	0.22337500000000013	0.05
0.05	0.713738372093025	0.3953488372093023
0.05660377358490566	0.6090193067134686	0.6226415094339622
0.02127659574468085	0.6103010839020487	0.2553191489361702
0.02040816326530612	0.365516717325228	0.061224489795918366
0.0	0.5842857142857139	0.673469387755102
0.1568627450980392	0.43003001200480184	1.0
0.0	0.3711437908496729	0.4
0.08823529411764706	0.26287581699346346	0.6176470588235294
0.0	0.6069467787114842	0.0
0.0	0.61825581395349	0.7906976744186046
0.07142857142857142	0.7290780730897001	0.07142857142857142
0.0625	0.5862053571428573	0.3125
0.10416666666666667	0.46909226190476255	0.14285714285714285
0.02	0.33713333333333345	0.52
0.0	0.32691081081081086	0.08108108108108109
0.10810810810810811	0.5496431046431038	0.3333333333333333
0.0392156862745098	0.5521568627450978	0.17647058823529413
1.0	1.0	1.0
0.027777777777777776	0.5122222222222225	0.16666666666666666
0.07692307692307693	0.5538461538461537	0.15384615384615385
0.0	0.1891869095816462	0.0
0.0	0.29423684210526274	0.0
0.0	0.5134999999999992	0.075
0.07142857142857142	0.5680714285714282	0.23809523809523808
0.02631578947368421	0.446497493734336	0.13157894736842105
0.0975609756097561	0.272798459563543	0.17073170731707318
0.057692307692307696	0.3852509380863034	0.17307692307692307
0.0425531914893617	0.31235474631751237	0.14893617021276595
0.3191489361702128	0.9965957446808511	1.0
0.15789473684210525	0.4971052631578947	0.3333333333333333
0.1875	0.4780208333333333	0.3333333333333333
0.08695652173913043	0.42114583333333333	0.30434782608695654
0.1282051282051282	0.257329988851728	0.1282051282051282
0.1282051282051282	0.42564102564102524	0.4222222222222222
0.1875	0.4117986111111111	0.1875
0.10416666666666667	0.4887499999999999	0.10416666666666667
0.12244897959183673	0.21505102040816257	0.14285714285714285
0.041666666666666664	0.8062308673469396	0.22916666666666666
0.15555555555555556	0.5042986111111116	0.2222222222222222
0.1951219512195122	0.2765989159891589	0.1951219512195122
0.018867924528301886	0.3289001380579842	0.018867924528301886
0.0	0.664554507337528	0.0
0.0784313725490196	0.5502450980392155	0.0784313725490196
0.07407407407407407	0.7640032679738559	0.9259259259259259
0.8148148148148148	0.999074074074074	1.0
0.058823529411764705	0.3137254901960781	0.058823529411764705
0.11904761904761904	0.5111974789915962	0.14285714285714285
0.045454545454545456	0.3073701298701303	0.11363636363636363
0.07407407407407407	0.2845707070707074	0.1111111111111111
0.0847457627118644	0.7464956057752687	0.7627118644067796
0.0196078431372549	0.4504802259887004	0.19607843137254902
0.06451612903225806	0.14299652118912046	0.14516129032258066
0.14516129032258066	0.6881121700879775	0.6818181818181818
0.7954545454545454	0.9890716123499143	1.0
0.06	0.22199999999999992	0.08
0.06818181818181818	0.5865363636363621	0.11363636363636363
0.6590909090909091	0.9510128458498042	0.9347826086956522
0.13793103448275862	0.28840329835082457	0.13793103448275862
0.1896551724137931	0.906560520760031	0.8367346938775511
0.4090909090909091	0.5606029684601116	0.45454545454545453
0.21818181818181817	0.652954545454545	0.23636363636363636
0.08620689655172414	0.23950940438871474	0.25862068965517243
0.25862068965517243	0.9962931034482758	1.0
1.0	1.0	1.0
0.061224489795918366	0.17612244897959134	0.12244897959183673
0.022222222222222223	0.7236031746031757	0.022222222222222223
0.03636363636363636	0.31893939393939424	0.2
0.08771929824561403	0.6000414673046259	0.08771929824561403
0.06818181818181818	0.35896132376395534	0.5
0.0	0.24695031712473528	0.3488372093023256
0.1111111111111111	0.2527028423772607	0.1111111111111111
0.15555555555555556	0.2806666666666675	0.17777777777777778
0.28888888888888886	0.6209342403628101	0.5102040816326531
0.5102040816326531	0.6608010204081617	0.675
0.23404255319148937	0.27773670212766066	0.23404255319148937
0.0425531914893617	0.6204255319148952	0.0425531914893617
0.07017543859649122	0.2898656215005599	0.017543859649122806
0.3157894736842105	0.9575593395252839	0.9607843137254902
0.10204081632653061	0.21776310524209727	0.10204081632653061
0.125	0.21997448979591794	0.125
0.02564102564102564	0.36229166666666607	0.1794871794871795
0.0	0.6648717948717949	0.4523809523809524
0.9047619047619048	0.9995238095238095	1.0
0.21428571428571427	0.34380952380952423	0.23809523809523808
0.11320754716981132	0.20786837376460013	0.1320754716981132
0.22641509433962265	0.996132075471698	1.0
1.0	1.0	1.0
0.11363636363636363	0.2817045454545451	0.11363636363636363
0.03636363636363636	0.28293181818181784	0.0
0.03636363636363636	0.9735513833992105	0.9782608695652174
0.0	0.4244011082693951	0.5686274509803921
0.1568627450980392	0.9957843137254901	1.0
0.0	0.33478723404255306	0.02127659574468085
0.0	0.6068389057750755	0.24489795918367346
0.3877551020408163	0.842742346938777	0.75
0.07547169811320754	0.3095283018867925	0.24528301886792453
0.13636363636363635	0.5118524871355059	0.22727272727272727
0.17073170731707318	0.40609756097560945	0.34146341463414637
0.21951219512195122	0.6139699014011436	0.6170212765957447
0.0	0.3114997405293208	0.024390243902439025
0.0	0.43508314855875907	0.2727272727272727
0.0	0.39180454545454474	0.0
0.0	0.5352365853658548	0.0
0.0196078431372549	0.4889598278335723	0.3137254901960784
0.0	0.2710784313725491	1.0
0.03225806451612903	0.6154055299539167	0.8709677419354839
0.06451612903225806	0.39195301542776984	0.15217391304347827
0.0	0.14338016967126196	0.0
0.0	0.5442166184373707	0.0
0.0	0.6145795306388531	0.0
0.0	0.5058333333333334	0.0
0.14545454545454545	0.5987550505050504	0.5636363636363636
0.0	0.2978539493293585	0.0
0.1320754716981132	0.5883451902257962	0.1509433962264151
0.14634146341463414	0.41060285319834383	0.14634146341463414
0.14634146341463414	0.7304752970606633	0.9743589743589743
0.01694915254237288	0.4182029552368533	0.13559322033898305
0.0	0.05213020030816645	0.022727272727272728
0.11363636363636363	0.9955681818181819	1.0
0.2	0.8189999999999992	1.0
0.0625	0.6314930555555556	0.08333333333333333
0.017543859649122806	0.6245394736842106	0.03508771929824561
0.05263157894736842	0.6475358851674636	0.5454545454545454
0.0	0.24401112185686658	0.02127659574468085
0.023809523809523808	0.22658308004052688	0.047619047619047616
0.07142857142857142	0.9419673123486682	1.0
0.038461538461538464	0.7942552151238593	0.17307692307692307
0.0425531914893617	0.42288666121112956	1.0
0.0196078431372549	0.1618064246975382	0.0196078431372549
0.0	0.9748366013071896	0.08888888888888889
0.02040816326530612	0.6030612244897963	0.5306122448979592
0.22448979591836735	0.9961224489795919	1.0
0.019230769230769232	0.5202884615384616	0.6346153846153846
0.0	0.5272115384615381	0.0
0.0	0.2023333333333333	0.0
0.0	0.3337234042553186	0.02127659574468085
0.0	0.09201814768460555	0.0
0.07407407407407407	0.8922004357298475	1.0
0.0	0.8113888888888888	0.9444444444444444
0.03278688524590164	0.25184426229508194	0.09836065573770492
0.0	0.27921675774134797	0.022222222222222223
0.0	0.29895726495726516	0.0
0.0	0.2868625356125358	0.0
0.07407407407407407	0.9953703703703703	1.0
0.018867924528301886	0.5016981132075466	0.018867924528301886
0.0	0.4208490566037736	0.0
0.0	0.995	1.0
0.0	0.024886363636363634	0.0
0.0	0.9182075471698112	0.6981132075471698
0.16363636363636364	0.9369090909090909	0.16363636363636364
0.07407407407407407	0.8366986531986526	0.07407407407407407
0.4838709677419355	0.9290770609318996	0.5645161290322581
1.0	1.0	1.0
0.0	0.19223684210526315	0.0
0.0	0.8239130434782611	0.2391304347826087
0.6956521739130435	0.9984782608695653	1.0
0.05660377358490566	0.5640566037735844	0.41509433962264153
0.8679245283018868	0.9993396226415094	1.0
0.07142857142857142	0.3183333333333325	0.8095238095238095
0.19047619047619047	0.5059523809523809	0.2391304347826087
0.0975609756097561	0.3282820784729581	0.12195121951219512
0.0	0.8267964352720452	0.019230769230769232
0.19230769230769232	0.8029985754985751	0.6296296296296297
0.0	0.2689371980676328	0.0
0.0	0.3369741480611047	0.0
0.0	0.995	1.0
0.0	0.7529000000000002	0.96
0.041666666666666664	0.26749999999999985	0.08333333333333333
0.08333333333333333	0.6157358156028381	0.6170212765957447
0.061224489795918366	0.2773795049934869	0.061224489795918366
0.024390243902439025	0.4788651070184167	0.12195121951219512
0.2127659574468085	0.43581992734821007	0.23404255319148937
0.0	0.21557978723404253	0.0
0.018867924528301886	0.10308647798742156	0.018867924528301886
0.05357142857142857	0.48609669811320744	0.14285714285714285
0.0	0.07649206349206336	0.0
0.0	0.2712764857881135	0.0
0.0	0.9396363636363637	0.10909090909090909
1.0	1.0	1.0
0.03773584905660377	0.28952830188679246	0.03773584905660377
0.1111111111111111	0.26267714884696003	0.1111111111111111
0.1111111111111111	0.2258964646464648	0.1590909090909091
0.1590909090909091	0.6899333855799363	0.6724137931034483
0.6551724137931034	0.9982758620689656	1.0
0.2777777777777778	0.9475925925925927	0.7407407407407407
0.03508771929824561	0.1828070175438596	0.03508771929824561
0.12280701754385964	0.7569601889338725	0.8269230769230769
0.1	0.42282692307692316	0.225
0.0	0.23051524390243883	0.0
0.0	0.05108231707317076	0.0
0.025	0.4205901162790701	0.18604651162790697
0.07272727272727272	0.13129386892177564	0.07272727272727272
0.07272727272727272	0.7423201581027654	0.2391304347826087
0.11538461538461539	0.22731605351170583	0.17307692307692307
0.20454545454545456	0.5325262237762246	0.29545454545454547
0.07272727272727272	0.26847727272727306	0.21818181818181817
0.024390243902439025	0.6335299334811543	0.12195121951219512
0.0	0.4219041506204533	0.05263157894736842
0.05263157894736842	0.5037631578947354	0.2833333333333333
0.044444444444444446	0.18299999999999972	0.044444444444444446
0.0	0.3149621212121213	0.022727272727272728
0.045454545454545456	0.4563142292490122	0.32608695652173914
0.047619047619047616	0.15329710144927547	0.047619047619047616
0.2	0.43125324675324705	0.2
0.1590909090909091	0.6492045454545466	0.25
0.22727272727272727	0.9961363636363636	1.0
0.10526315789473684	0.30039473684210544	0.13157894736842105
0.10204081632653061	0.17300483351235252	0.12244897959183673
0.1509433962264151	0.4346438197920673	0.1509433962264151
0.08163265306122448	0.8088274932614558	0.7755102040816326
0.09615384615384616	0.3040934065934063	0.11538461538461539
0.15384615384615385	0.3802373158756147	0.19148936170212766
0.023809523809523808	0.05784194528875374	0.023809523809523808
0.023809523809523808	0.955484901277582	0.4146341463414634
0.08823529411764706	0.5838486370157837	0.38235294117647056
0.1694915254237288	0.444618644067795	0.1694915254237288
0.05	0.13939194915254233	0.05
0.0392156862745098	0.3357671568627451	0.0392156862745098
0.0392156862745098	0.3781506238859184	0.29545454545454547
0.29545454545454547	0.9964772727272728	1.0
0.13333333333333333	0.26944444444444376	0.13333333333333333
0.15555555555555556	0.9957777777777779	1.0
0.11904761904761904	0.22309523809523818	0.11904761904761904
0.11904761904761904	0.9955952380952381	1.0
0.11904761904761904	0.12928571428571406	0.11904761904761904
0.11904761904761904	0.402424506387922	0.3170731707317073
0.024390243902439025	0.07414634146341469	0.024390243902439025
0.024390243902439025	0.9951219512195122	1.0
0.21428571428571427	0.4367857142857144	0.21428571428571427
0.2553191489361702	0.3925557244174272	0.2553191489361702
0.05454545454545454	0.06154932301740813	0.05454545454545454
0.05454545454545454	0.14454356060606052	0.10416666666666667
0.10416666666666667	0.24496527777777724	0.2222222222222222
0.020833333333333332	0.8263194444444444	0.020833333333333332
0.045454545454545456	0.5728977272727258	0.045454545454545456
0.02564102564102564	0.6140646853146858	0.02564102564102564
0.38461538461538464	0.9969230769230769	1.0
0.06779661016949153	0.2056779661016946	0.1016949152542373
0.1016949152542373	0.9955084745762711	1.0
0.06666666666666667	0.8415555555555548	0.06666666666666667
0.8888888888888888	0.9994444444444445	1.0
0.023255813953488372	0.1832558139534882	0.023255813953488372
0.023255813953488372	0.7589258028792928	0.07142857142857142
0.07142857142857142	0.27702380952380967	0.125
0.10204081632653061	0.906983418367347	1.0
0.21052631578947367	0.7286842105263136	0.2894736842105263
0.09523809523809523	0.5245050125313283	0.09523809523809523
0.2692307692307692	0.7052884615384624	0.3076923076923077
0.0	0.07748342175066311	0.06896551724137931
0.04081632653061224	0.24697748064743114	0.061224489795918366
0.061224489795918366	0.8790561224489797	0.25
0.6111111111111112	0.9980555555555556	1.0
0.018867924528301886	0.25603773584905665	0.018867924528301886
0.018867924528301886	0.9053670668953689	0.23636363636363636
0.6078431372549019	0.6450213903743319	0.6862745098039216
0.03571428571428571	0.24143207282913212	0.03571428571428571
0.07142857142857142	0.46354863221884535	0.2978723404255319
0.2978723404255319	0.6171711798839477	0.20454545454545456
0.021739130434782608	0.07558300395256931	0.021739130434782608
0.043478260869565216	0.5754347826086957	0.10869565217391304
0.26	0.7514043478260857	0.54
0.23255813953488372	0.6225837209302313	0.3023255813953488
0.21428571428571427	0.6205377906976763	0.4107142857142857
0.020833333333333332	0.5516369047619046	0.0625
0.06976744186046512	0.19290213178294535	0.06976744186046512
0.18181818181818182	0.4503646934460888	0.20454545454545456
0.15789473684210525	0.42102272727272755	0.47368421052631576
0.037037037037037035	0.35041910331383996	0.037037037037037035
0.09259259259259259	0.995462962962963	1.0
0.075	0.19724999999999995	0.1
0.02631578947368421	0.14563157894736845	0.07894736842105263
0.07894736842105263	0.9953947368421052	1.0
0.061224489795918366	0.16122448979591794	0.061224489795918366
0.02564102564102564	0.22414965986394525	0.05128205128205128
0.05128205128205128	0.21200641025641065	0.175
0.0	0.19062499999999982	0.0
0.0	0.17944444444444418	0.0
0.09259259259259259	0.9783077905491677	0.9827586206896551
0.0	0.17181855500821	0.0
0.0	0.35678571428571404	0.19047619047619047
0.0	0.154182194616977	0.10869565217391304
0.07692307692307693	0.26085005574135933	0.07692307692307693
0.16666666666666666	0.6938003663003659	0.35714285714285715
0.16666666666666666	0.9958333333333335	1.0
0.09090909090909091	0.5840909090909083	0.7045454545454546
0.7045454545454546	0.9985227272727272	1.0
1.0	1.0	1.0
0.061224489795918366	0.4856122448979597	0.061224489795918366
0.4489795918367347	0.9129228640608809	0.9152542372881356
0.09302325581395349	0.5614367363027201	0.13953488372093023
0.04081632653061224	0.23381110583768425	0.12244897959183673
0.12244897959183673	0.6964076994434152	0.18181818181818182
0.041666666666666664	0.9453219696969697	0.7708333333333334
0.043478260869565216	0.25347826086956515	0.043478260869565216
0.08695652173913043	0.5589169254658366	0.08928571428571429
0.06666666666666667	0.4918551587301596	0.0
0.09302325581395349	0.34172609819121463	0.13953488372093023
0.09302325581395349	0.581334681496462	0.34782608695652173
0.3125	0.8918953804347827	0.609375
0.0	0.3965156249999987	0.0
0.020833333333333332	0.4313958333333339	0.020833333333333332
0.020833333333333332	0.8087088178294572	1.0
0.0	0.3726972184222521	0.0
0.0	0.16037967914438508	0.0
0.16363636363636364	0.9958181818181818	1.0
0.0	0.03666666666666667	0.0
0.0	0.9739583333333333	0.9583333333333334
0.02127659574468085	0.8435106382978738	0.5106382978723404
0.0	0.08169503546099291	0.0
0.0	0.995	1.0
0.3137254901960784	0.9132352941176471	0.3333333333333333
0.0392156862745098	0.8447058823529389	0.37254901960784315
0.017857142857142856	0.7335451680672267	0.125
0.1791044776119403	0.6731343283582089	0.1791044776119403
0.10869565217391304	0.5069565217391306	0.2826086956521739
0.0	0.3031324110671936	0.0
0.03773584905660377	0.5197662950257288	0.32075471698113206
0.02631578947368421	0.28987338629592835	0.47368421052631576
0.022222222222222223	0.35848538011695846	0.022222222222222223
0.0	0.006191919191919192	0.0
0.07407407407407407	0.6274494949494945	0.6111111111111112
0.07407407407407407	0.8565405831363289	0.9148936170212766
0.04081632653061224	0.4577377333912287	1.0
0.10204081632653061	0.8572543901281443	0.5348837209302325
0.061224489795918366	0.487306597057428	0.6122448979591837
0.2727272727272727	0.6737615955473106	0.3181818181818182
0.3181818181818182	0.9965909090909091	1.0
0.10909090909090909	0.5796363636363635	0.4727272727272727
0.17307692307692307	0.5251486013986016	0.3269230769230769
0.0	0.40533846153846165	1.0
0.2558139534883721	0.49370930232558136	0.27906976744186046
0.06666666666666667	0.25944444444444403	0.2222222222222222
0.15555555555555556	0.5536666666666653	0.15555555555555556
0.0	0.20562015503875938	0.046511627906976744
0.20930232558139536	0.996046511627907	1.0
0.0	0.2886842105263154	0.0
0.046511627906976744	0.3855997552019588	0.046511627906976744
0.020833333333333332	0.28585755813953484	0.020833333333333332
0.020833333333333332	0.06510416666666664	0.02631578947368421
0.02631578947368421	0.8029315789473686	0.28
0.0	0.04241923076923078	0.0
0.0	0.32951923076923073	0.11538461538461539
0.28846153846153844	0.9964423076923077	1.0
0.043478260869565216	0.5083695652173915	0.043478260869565216
0.019230769230769232	0.12249581939799338	0.019230769230769232
0.019230769230769232	0.12249615384615381	0.04
0.04	0.10891794871794859	0.07692307692307693
0.07692307692307693	0.9188461538461554	0.9230769230769231
0.9230769230769231	0.9996153846153846	1.0
0.0	0.05858974358974359	0.0
0.0	0.964824561403508	1.0
0.6923076923076923	0.9982860998650471	1.0
0.0	0.8475961538461538	0.0
0.0	0.9767441860465117	0.27906976744186046
0.06382978723404255	0.7005319148936167	0.425531914893617
0.08571428571428572	0.7070516717325228	0.6571428571428571
0.020833333333333332	0.320684523809524	0.20833333333333334
0.20833333333333334	0.7989416666666677	0.66
0.0	0.4319450980392159	0.6862745098039216
0.08888888888888889	0.4641045751633986	1.0
0.04081632653061224	0.4251632653061222	0.7755102040816326
0.021739130434782608	0.22892191659272434	0.021739130434782608
0.021739130434782608	0.3439862466725824	0.08163265306122448
0.0	0.18132653061224496	0.0
0.0	0.0498717948717948	0.02564102564102564
0.02564102564102564	0.9951282051282051	1.0
0.022727272727272728	0.02772727272727278	0.022727272727272728
0.022727272727272728	0.037745215311004714	0.02631578947368421
0.0	0.013903508771929824	0.0
0.0	0.995	1.0
0.0	0.005	0.0
0.0	0.7906578947368403	0.7631578947368421
0.021739130434782608	0.13794622425629297	0.021739130434782608
0.021739130434782608	0.9347086956521733	0.96
0.48148148148148145	0.6974851851851863	0.6666666666666666
0.4807692307692308	0.9765064102564103	0.5576923076923077
0.04878048780487805	0.9440243902439025	0.6341463414634146
0.5740740740740741	0.8582407407407407	0.5740740740740741
0.11764705882352941	0.6834749455337692	0.6274509803921569
0.045454545454545456	0.6420476827094477	0.5909090909090909
0.1836734693877551	0.568578385899814	0.46938775510204084
0.3939393939393939	0.5100896722325298	0.3939393939393939
0.19607843137254902	0.5166755793226394	0.19607843137254902
0.0	0.31338235294117667	0.0
0.11904761904761904	0.4859383753501401	0.4523809523809524
0.10638297872340426	0.4993971631205681	0.425531914893617
0.24444444444444444	0.7354609929077989	0.7555555555555555
0.7446808510638298	0.8254846335697391	0.7872340425531915
0.024390243902439025	0.5788894654903984	0.024390243902439025
0.0	0.538277114686041	0.0851063829787234
0.05172413793103448	0.40333822450476864	0.10344827586206896
0.0	0.2785113540790585	0.024390243902439025
0.13636363636363635	0.638015521064303	0.45454545454545453
0.0	0.20266849529780553	0.0
0.04081632653061224	0.3548698099929625	0.04081632653061224
0.0	0.5933562555456957	0.8478260869565217
0.0	0.12183673469387761	0.02040816326530612
0.061224489795918366	0.9953061224489795	1.0
0.018867924528301886	0.6703773584905653	0.2641509433962264
0.0	0.6734905660377356	0.4528301886792453
1.0	1.0	1.0
0.06976744186046512	0.2666279069767443	0.16279069767441862
0.1	0.2784806201550383	0.2
0.2	0.37590000000000046	0.22
0.10204081632653061	0.30864489795918404	0.12244897959183673
0.02631578947368421	0.18323845327604737	0.02631578947368421
0.075	0.16101973684210502	0.075
0.044444444444444446	0.5552777777777771	0.044444444444444446
0.037037037037037035	0.739648148148148	1.0
0.0	0.33132781717888077	0.1702127659574468
0.03333333333333333	0.2582340425531917	0.03333333333333333
0.03333333333333333	0.43361111111111084	0.1111111111111111
0.0	0.7069206349206355	0.12244897959183673
0.10204081632653061	0.9955102040816327	1.0
1.0	1.0	1.0
1.0	1.0	1.0
0.02040816326530612	0.6059183673469385	0.02040816326530612
0.2	0.6555734693877554	0.2
0.2	0.996	1.0
0.04878048780487805	0.3770731707317072	0.07317073170731707
0.045454545454545456	0.5209562084257214	0.11363636363636363
0.024390243902439025	0.12264135254988914	0.04878048780487805
0.07317073170731707	0.9953658536585366	1.0
0.0851063829787234	0.24425531914893617	0.14893617021276595
0.0784313725490196	0.712428035043805	0.09803921568627451
0.7272727272727273	0.829117647058822	0.7272727272727273
0.17647058823529413	0.43265597147950047	0.17647058823529413
0.17647058823529413	0.8985490196078431	0.85
0.03773584905660377	0.5908537735849051	0.5094339622641509
0.05660377358490566	0.27643686502177045	0.1794871794871795
0.10256410256410256	0.4699128205128204	0.32
0.13725490196078433	0.24648431372548996	0.1568627450980392
0.0	0.6818823529411747	0.37142857142857144
0.0	0.33319999999999966	0.0
0.024390243902439025	0.2834390243902439	0.024390243902439025
0.024390243902439025	0.6351219512195121	0.16666666666666666
0.0	0.3055333333333328	0.0
0.05172413793103448	0.8593758620689655	0.05172413793103448
0.125	0.4401249999999993	0.175
0.031746031746031744	0.3088690476190475	0.09523809523809523
0.13636363636363635	0.15983405483405502	0.1590909090909091
0.1590909090909091	0.9957954545454545	1.0
0.2222222222222222	0.27811111111111064	0.2222222222222222
0.0847457627118644	0.1646704331450099	0.0847457627118644
0.1	0.6812224576271187	0.65
0.23255813953488372	0.4380174418604665	0.23255813953488372
0.0	0.14999288087327983	0.0
0.0	0.32348724489795866	0.3
0.09090909090909091	0.12354545454545461	0.09090909090909091
0.11363636363636363	0.41811363636363663	0.23636363636363636
0.2727272727272727	0.8587165775401076	0.35294117647058826
0.08888888888888889	0.11242483660130694	0.08888888888888889
0.7111111111111111	0.9985555555555555	1.0
0.13953488372093023	0.8412790697674402	0.46511627906976744
0.16363636363636364	0.26265116279069806	0.16363636363636364
0.1794871794871795	0.46465034965035007	0.3076923076923077
0.21428571428571427	0.6385531135531146	0.21428571428571427
0.1016949152542373	0.6482748184019372	0.1016949152542373
0.1694915254237288	0.5350696798493413	0.4222222222222222
0.07692307692307693	0.18684401709401716	0.07692307692307693
0.1346153846153846	0.3239022435897438	0.14583333333333334
0.14583333333333334	0.3701194105691059	0.34146341463414637
0.16666666666666666	0.5075406504065046	0.9583333333333334
0.10909090909090909	0.16184659090909123	0.10909090909090909
0.07142857142857142	0.7918896103896121	0.07142857142857142
0.0392156862745098	0.12575630252100825	0.0392156862745098
0.0392156862745098	0.9951960784313725	1.0
0.13043478260869565	0.2436956521739136	0.13043478260869565
0.1282051282051282	0.3364520624303223	0.2564102564102564
0.0	0.5336289900575609	0.02040816326530612
0.019230769230769232	0.2852354788069075	0.038461538461538464
0.0	0.1374749163879598	0.06521739130434782
0.06521739130434782	0.9379222408026756	1.0
0.023255813953488372	0.9724418604651163	0.16279069767441862
0.0	0.8440196078431373	0.13725490196078433
1.0	1.0	1.0
0.06382978723404255	0.1443617021276598	0.06382978723404255
0.03773584905660377	0.676451224407868	0.03773584905660377
0.7924528301886793	0.9989622641509434	1.0
0.28846153846153844	0.6082692307692317	0.5192307692307693
0.03508771929824561	0.22389844804318504	0.10526315789473684
0.7543859649122807	0.9987719298245614	1.0
0.0	0.6949999999999981	0.024390243902439025
0.017543859649122806	0.6584296106118949	0.3508771929824561
0.15384615384615385	0.49540485829959513	0.4807692307692308
0.0	0.42599696356275346	0.39473684210526316
0.07894736842105263	0.9953947368421052	1.0
1.0	1.0	1.0
1.0	1.0	1.0
0.0	0.41627659574468145	0.0
0.0	0.2980673758865246	0.0
0.0	0.4146631205673759	0.0
0.0	0.2582545311268715	0.0
0.0	0.13163461538461538	0.0
0.0	0.0	0.0
0.0	0.995	1.0
0.02040816326530612	0.059693877551020326	0.02040816326530612
0.0	1.020408163265306E-4	0.0
0.0	0.05518867924528302	0.0
0.0	0.0	0.0
0.0	0.995	1.0
0.0	0.005	0.0
0.0	0.02829787234042553	0.0
0.0	6.140350877192982E-4	0.0
0.0	0.995	1.0
1.0	1.0	1.0
0.0	0.005	0.0
0.0	0.0	0.0
0.0	0.995	1.0
0.0	0.005	0.0
0.017241379310344827	0.047899853264856886	0.017241379310344827
0.0	8.620689655172413E-5	0.0
0.0	0.995	1.0
0.0	0.005	0.0
0.0	0.045	0.0
0.0	0.995	1.0
0.9607843137254902	0.9801960784313696	0.9803921568627451
0.0	0.030190422322775266	0.0
0.0	0.995	1.0
0.0	0.014672131147540983	0.0
0.0	0.995	1.0
1.0	1.0	1.0
0.0	0.015	0.0
0.0	0.017155172413793055	0.017241379310344827
0.0	0.005086206896551724	0.0
0.0	0.0	0.0
0.0	0.995	1.0
0.0	0.005	0.0
0.0	0.06346938775510194	0.02040816326530612
0.0	1.020408163265306E-4	0.0
0.0	0.0	0.0
0.0	0.995	1.0
0.06666666666666667	0.9064166666666648	0.06666666666666667
0.0	0.07292073170731707	0.0
0.0	0.0	0.0
0.0	0.0	0.0
0.0	0.995	1.0
1.0	1.0	1.0
0.0	0.005	0.0
0.0	0.0	0.0
0.0	0.027500000000000052	0.022727272727272728
0.0	0.9622727272727266	0.9772727272727273
0.0	0.004886363636363637	0.0
0.0	0.995	1.0
0.0	0.005	0.0
0.0	0.9893877551020408	1.0
0.08888888888888889	0.9954444444444445	1.0
0.01818181818181818	0.023090909090909016	0.01818181818181818
0.0	0.010672304439746299	0.0
0.0	0.995	1.0
1.0	1.0	1.0
1.0	1.0	1.0
0.0	0.995	0.0
1.0	1.0	1.0
0.0	0.0379	0.0
0.0	0.033205128205128207	0.0
0.0	0.03564102564102557	0.02564102564102564
0.0	1.282051282051282E-4	0.0
0.0	0.995	1.0
1.0	1.0	1.0
0.0	0.005	0.0
0.0	0.995	1.0
0.0	0.005	0.0
0.0	0.995	1.0
0.0	0.005094339622641509	0.0
0.0	0.9036842105263139	0.9122807017543859
0.9122807017543859	0.9995614035087719	1.0
1.0	1.0	1.0
0.023809523809523808	0.028690476190476127	0.023809523809523808
0.023809523809523808	0.9673065476190458	0.9791666666666666
0.021739130434782608	0.9762001811594203	0.021739130434782608
0.16666666666666666	0.8547222222222223	0.42592592592592593
0.06521739130434782	0.7195571658615136	0.41304347826086957
0.0	0.36034390591589466	0.0
0.0	0.6308974358974343	0.5641025641025641
0.1	0.6006570512820503	0.1
0.0	0.3873085106382982	0.10638297872340426
0.06666666666666667	0.2738652482269501	0.08888888888888889
0.08888888888888889	0.6261587301587304	0.5102040816326531
0.4	0.7623692022263449	0.8545454545454545
0.046511627906976744	0.37282241014799206	0.18604651162790697
0.023809523809523808	0.32581118493909245	0.023809523809523808
0.18867924528301888	0.3881716082659471	0.18867924528301888
0.18867924528301888	0.9959433962264151	1.0
0.0	0.18776595744680855	0.0
0.0	0.2696078431372548	0.13725490196078433
0.10869565217391304	0.15514279624893385	0.15217391304347827
0.15217391304347827	0.6544147157190651	0.17307692307692307
0.17307692307692307	0.6881510989010985	0.37142857142857144
0.14893617021276595	0.4860395136778116	0.14893617021276595
0.11538461538461539	0.17112929623567935	0.17307692307692307
0.17307692307692307	0.21506181318681353	0.19642857142857142
0.1016949152542373	0.2031007869249396	0.2033898305084746
0.11627906976744186	0.20043555380370506	0.11627906976744186
0.11627906976744186	0.18897122585731185	0.1864406779661017
0.1694915254237288	0.47115995762711954	0.4791666666666667
0.4791666666666667	0.9973958333333335	1.0
0.32608695652173914	0.5915217391304338	0.32608695652173914
0.19402985074626866	0.3168218689162874	0.19402985074626866
0.09615384615384616	0.28318025258323787	0.09615384615384616
0.0	0.8000219298245613	0.0
0.0	0.5448549946294299	0.0
0.0	0.9746938775510232	0.9795918367346939
0.02127659574468085	0.7538341293964395	0.1276595744680851
0.0	0.09259338061465706	0.06666666666666667
0.0	0.3172626262626258	0.0
0.0	0.6362500000000001	0.625
0.2916666666666667	0.9964583333333334	1.0
0.016666666666666666	0.23441666666666625	0.21666666666666667
0.0	0.5580000000000014	0.0
0.06666666666666667	0.43863888888888897	0.06666666666666667
0.0	0.7451339869281045	0.0
0.02127659574468085	0.5772997496871098	0.02127659574468085
0.07692307692307693	0.5774099836333879	0.2692307692307692
0.11363636363636363	0.4279720279720284	0.3409090909090909
0.0	0.33192456479690513	0.0
0.2553191489361702	0.9962765957446809	1.0
0.23076923076923078	0.7839423076923072	0.6346153846153846
0.16666666666666666	0.4069871794871803	0.6481481481481481
0.2222222222222222	0.32703703703703746	0.2
0.0	0.2559999999999995	0.17777777777777778
0.08888888888888889	0.23155555555555515	0.1111111111111111
0.1111111111111111	0.6216425120772942	0.2608695652173913
0.13636363636363635	0.2747381422924896	0.20454545454545456
0.14035087719298245	0.8083911483253574	0.8421052631578947
0.020833333333333332	0.5083771929824557	0.2916666666666667
0.13636363636363635	0.35874053030302966	0.18181818181818182
0.4090909090909091	0.9970454545454546	1.0
0.0	0.2572727272727278	0.0
0.0	0.5816346153846154	0.0
0.09615384615384616	0.4486440345368916	0.16326530612244897
0.12244897959183673	0.4919455782312908	0.5111111111111111
0.058823529411764705	0.5497973856209154	0.6666666666666666
0.0392156862745098	0.7187254901960785	0.8627450980392157
0.15789473684210525	0.32113003095975207	0.3157894736842105
0.03571428571428571	0.17786184210526332	0.05357142857142857
0.125	0.572700471698112	0.6415094339622641
0.09433962264150944	0.5653773584905659	1.0
0.0	0.46232704402515684	0.3333333333333333
0.0	0.38109999999999983	0.0
0.14	0.6157999999999997	0.3
0.16666666666666666	0.3015111111111117	0.3055555555555556
0.05660377358490566	0.1973768343815514	0.05660377358490566
0.05660377358490566	0.6351788522012587	0.08333333333333333
0.08333333333333333	0.685675287356322	0.27586206896551724
0.1276595744680851	0.26167278063096155	0.1702127659574468
0.06976744186046512	0.7077115289460653	0.06976744186046512
0.03333333333333333	0.6051027131782951	0.03333333333333333
0.020833333333333332	0.12075000000000002	0.020833333333333332
0.041666666666666664	0.1566369047619048	0.07142857142857142
0.07142857142857142	0.9953571428571428	1.0
0.28888888888888886	0.9635555555555555	0.28888888888888886
0.06976744186046512	0.6807648578811382	0.7906976744186046
0.16363636363636364	0.7860084566596192	0.6727272727272727
0.07142857142857142	0.5484826839826836	0.07142857142857142
0.10526315789473684	0.3643358395989971	0.10526315789473684
0.03389830508474576	0.22150535236396052	0.05084745762711865
0.05084745762711865	0.6238256658595632	0.1836734693877551
0.5306122448979592	0.9976530612244897	1.0
0.2571428571428571	0.8782857142857129	0.42857142857142855
0.09803921568627451	0.5057366946778699	0.09803921568627451
0.0	0.24637880684188576	0.0
0.0	0.08737258782780812	0.0
0.0	0.43397727272727293	0.13636363636363635
0.1	0.25258181818181824	0.14
0.14	0.9956999999999999	1.0
0.09615384615384616	0.4424038461538455	0.11538461538461539
0.07272727272727272	0.11261538461538435	0.07272727272727272
0.03636363636363636	0.9951818181818182	1.0
0.07894736842105263	0.1692105263157897	0.07894736842105263
0.07894736842105263	0.7581366723259745	0.6451612903225806
0.06666666666666667	0.21766666666666662	0.08888888888888889
0.08888888888888889	0.17522705314009648	0.10869565217391304
0.08695652173913043	0.0870652173913045	0.08695652173913043
0.08695652173913043	0.8813531499556315	0.8979591836734694
0.06521739130434782	0.1094897959183672	0.06521739130434782
0.06521739130434782	0.2801475155279498	0.23214285714285715
0.1320754716981132	0.14029144204851726	0.1320754716981132
0.041666666666666664	0.09607704402515731	0.041666666666666664
0.041666666666666664	0.8215625	0.041666666666666664
0.046511627906976744	0.1519767441860466	0.046511627906976744
0.0	0.4820033914728679	0.9791666666666666
0.0	0.8397374999999994	0.0
0.0	0.15622448979591835	0.0
0.02040816326530612	0.4207838589981447	0.13636363636363635
0.020833333333333332	0.1169318181818181	0.08333333333333333
0.04081632653061224	0.2703146258503404	0.04081632653061224
0.04081632653061224	0.9654672395273899	1.0
0.020833333333333332	0.09918859649122788	0.020833333333333332
0.10416666666666667	0.9547516025641025	1.0
0.043478260869565216	0.4048913043478264	0.5652173913043478
0.06976744186046512	0.12948179979777558	0.11627906976744186
0.0	0.7036426198386322	0.0
0.14285714285714285	0.8524489795918373	1.0
0.13725490196078433	0.7104821928771514	0.2549019607843137
0.05263157894736842	0.33000515995872093	0.3157894736842105
0.0	0.22743859649122836	0.0
0.14	0.4563500000000002	0.14
0.14285714285714285	0.589333333333333	0.3333333333333333
0.08333333333333333	0.16819444444444373	0.08333333333333333
0.16666666666666666	0.38666666666666744	0.22916666666666666
0.15517241379310345	0.48718031609195367	0.3103448275862069
0.5	0.9975	1.0
0.0975609756097561	0.5574390243902448	0.0975609756097561
0.06451612903225806	0.47970298977183234	0.12903225806451613
0.0	0.30998868138087154	0.0
0.045454545454545456	0.47941985645933033	0.13636363636363635
0.025	0.3767954545454553	0.025
0.1	0.8979509803921588	0.9019607843137255
0.02040816326530612	0.1844077631052421	0.02040816326530612
0.02040816326530612	0.3108863545418163	0.09803921568627451
0.06521739130434782	0.22644714407502092	0.06521739130434782
0.10869565217391304	0.6005434782608693	0.44
0.1590909090909091	0.5186545454545459	0.1590909090909091
0.14893617021276595	0.23505077369439092	0.14893617021276595
0.14893617021276595	0.8290465676435155	0.6415094339622641
0.10638297872340426	0.48329987956643805	0.10638297872340426
0.17647058823529413	0.32666249478514764	0.19607843137254902
0.16981132075471697	0.7769200887902323	0.16981132075471697
0.7924528301886793	0.9989622641509434	1.0
0.041666666666666664	0.22999999999999995	0.041666666666666664
0.041666666666666664	0.5784515765765776	0.4864864864864865
0.23076923076923078	0.24337837837837778	0.23076923076923078
0.2564102564102564	0.7536289900575605	0.32653061224489793
0.6122448979591837	0.7675510204081651	0.7959183673469388
0.22727272727272727	0.5262198515769938	0.4772727272727273
0.16666666666666666	0.25617424242424286	0.22916666666666666
0.18867924528301888	0.5322779088050332	0.22641509433962265
0.20833333333333334	0.4842688679245279	0.20833333333333334
0.17777777777777778	0.32652777777777714	0.17777777777777778
0.16071428571428573	0.46127976190476183	0.48214285714285715
0.2	0.3287857142857146	0.2
0.32653061224489793	0.44766836734693854	0.32653061224489793
0.2222222222222222	0.22683673469387713	0.2222222222222222
0.2222222222222222	0.9961111111111112	1.0
0.0	0.21854838709677454	0.0
0.22580645161290322	0.3319453587886775	0.24489795918367346
0.24489795918367346	0.2548979591836742	0.24489795918367346
0.2	0.2787244897959179	0.2
0.16279069767441862	0.23390697674418642	0.18604651162790697
0.18604651162790697	0.24472652885443572	0.24074074074074073
0.14893617021276595	0.291203703703704	0.14893617021276595
0.07142857142857142	0.27291793313069945	0.07142857142857142
0.0	0.7596279761904754	0.041666666666666664
0.7291666666666666	0.9986458333333332	1.0
0.22033898305084745	0.6544067796610179	0.6440677966101694
0.0	0.5980370114147359	0.0
0.0	0.5794117647058822	0.3137254901960784
0.019230769230769232	0.521664781297134	0.019230769230769232
0.0425531914893617	0.41697831423895365	0.46808510638297873
0.08888888888888889	0.2683404255319141	0.1111111111111111
0.016666666666666666	0.6938055555555561	0.8666666666666667
0.0425531914893617	0.6190088652482268	0.0425531914893617
0.0	0.2290803782505907	0.022222222222222223
0.0	0.1802586206896551	0.017241379310344827
0.0	0.40897509578544045	0.0
0.0625	0.3295069444444443	0.0625
0.022222222222222223	0.06397222222222221	0.022222222222222223
0.0	0.9473040935672514	0.5614035087719298
0.2033898305084746	0.8758474576271191	0.2033898305084746
0.07142857142857142	0.17761904761904745	0.07142857142857142
0.05	0.18576190476190457	0.08333333333333333
0.05	0.8001519607843138	0.11764705882352941
0.11627906976744186	0.7247104423164614	0.18604651162790697
0.03636363636363636	0.3606575052854123	0.03636363636363636
0.022727272727272728	0.13370454545454552	0.022727272727272728
0.022222222222222223	0.11255808080808073	0.022222222222222223
0.022222222222222223	0.9951111111111112	1.0
0.2982456140350877	0.92	0.2982456140350877
0.0	0.28421768707483	0.04081632653061224
0.08771929824561403	0.5184908700322233	0.08771929824561403
0.025	0.46181359649122905	0.025
0.025	0.7202601351351351	0.24324324324324326
0.023255813953488372	0.4788529226901326	0.23255813953488372
0.7906976744186046	0.998953488372093	1.0
1.0	1.0	1.0
1.0	1.0	1.0
1.0	1.0	1.0
0.10909090909090909	0.661545454545454	0.43636363636363634
0.22	0.34429090909090976	0.32
0.2833333333333333	0.7934333333333331	0.8666666666666667
0.04081632653061224	0.2720884353741501	0.40816326530612246
0.15555555555555556	0.3692630385487526	0.2
0.023255813953488372	0.3161162790697677	0.06976744186046512
0.2727272727272727	0.4969714587737853	0.29545454545454547
0.5227272727272727	0.9976136363636364	1.0
1.0	1.0	1.0
0.13043478260869565	0.2479347826086953	0.13043478260869565
0.09615384615384616	0.46055602006688956	0.15384615384615385
0.17307692307692307	0.9958653846153845	1.0
0.09090909090909091	0.12227272727272752	0.09090909090909091
0.09090909090909091	0.9954545454545455	1.0
0.1	0.18619999999999984	0.1
0.18	0.36508181818181984	0.36363636363636365
0.0	0.5167045454545465	0.0
0.0	0.1750606060606057	0.0
0.0	0.9933653846153845	1.0
0.0	0.2786666666666663	0.0
0.26666666666666666	0.6296939890710385	0.3114754098360656
0.0	0.10015881147540974	0.10416666666666667
0.0	0.39764150943396204	0.24528301886792453
0.2830188679245283	0.797367475292004	0.3333333333333333
0.17307692307692307	0.20291666666666724	0.17307692307692307
0.05555555555555555	0.1954985754985759	0.07407407407407407
0.14814814814814814	0.41177847658979777	0.24528301886792453
0.1	0.1659264150943399	0.14
0.14	0.9956999999999999	1.0
0.2037037037037037	0.2580555555555552	0.2222222222222222
0.2222222222222222	0.5702600472813257	0.3617021276595745
0.2653061224489796	0.27246851932262145	0.2653061224489796
0.11764705882352941	0.19211084433773462	0.17647058823529413
0.17647058823529413	0.6642496998799539	0.5510204081632653
0.04081632653061224	0.7088404452690179	0.12727272727272726
0.13157894736842105	0.22714832535885146	0.13157894736842105
0.10416666666666667	0.1722258771929822	0.10416666666666667
0.10416666666666667	0.9955208333333334	1.0
1.0	1.0	1.0
1.0	1.0	1.0
0.1774193548387097	0.3940322580645158	0.1774193548387097
0.10714285714285714	0.20774481566820271	0.16071428571428573
0.16071428571428573	0.4294702380952382	0.37777777777777777
0.12727272727272726	0.6730707070707084	0.12727272727272726
0.2	0.2773157894736845	0.22807017543859648
0.11363636363636363	0.18852671451355685	0.13636363636363635
0.1276595744680851	0.3090860735009676	0.1276595744680851
0.09302325581395349	0.1806457199406236	0.09302325581395349
0.13953488372093023	0.30944767441860466	0.3125
0.14893617021276595	0.2797539893617025	0.2127659574468085
0.0	0.44251300236406665	0.0
0.0	0.09262698412698402	0.0
0.0	0.7208653846153849	0.5384615384615384
0.14893617021276595	0.732184942716857	0.1702127659574468
0.25	0.4187477836879429	0.4375
0.09090909090909091	0.7542897727272746	0.13636363636363635
0.25	0.5540113636363634	0.4
0.06	0.6760750000000003	0.72
0.14	0.29369999999999935	0.16
0.021739130434782608	0.4427173913043481	0.21739130434782608
0.18604651162790697	0.47817239635995923	0.18604651162790697
0.0625	0.2256710271317829	0.125
0.125	0.3909510869565222	0.2826086956521739
0.19148936170212766	0.48237049028676926	0.48936170212765956
0.14583333333333334	0.5085926418439716	0.16666666666666666
0.061224489795918366	0.49619897959183557	0.061224489795918366
0.022222222222222223	0.2515941043083897	0.022222222222222223
0.18181818181818182	0.37985353535353505	0.22727272727272727
0.0	0.5632550077041615	0.0
0.19230769230769232	0.36920469361147346	0.19230769230769232
0.19230769230769232	0.23432360742705563	0.22413793103448276
0.2413793103448276	0.28987356321839114	0.24444444444444444
0.2978723404255319	0.9544326241134707	0.9787234042553191
0.3191489361702128	0.3306382978723413	0.3191489361702128
0.3181818181818182	0.32795938104448813	0.3181818181818182
0.18421052631578946	0.2071172248803833	0.18421052631578946
0.0	0.579299431009959	0.0
0.023809523809523808	0.25963963963964015	0.023809523809523808
0.09302325581395349	0.4609551495016612	0.09302325581395349
0.09302325581395349	0.47238819320214737	0.38461538461538464
0.18181818181818182	0.18942307692307747	0.18181818181818182
0.18181818181818182	0.6863535353535335	0.6888888888888889
0.22448979591836735	0.2402811791383213	0.22448979591836735
0.15384615384615385	0.6640070643642076	0.15384615384615385
0.16326530612244897	0.5548901098901087	0.16326530612244897
0.22448979591836735	0.26469387755101953	0.22448979591836735
0.22448979591836735	0.34123356009070205	0.35555555555555557
0.35555555555555557	0.5626868686868702	0.5454545454545454
0.2127659574468085	0.27921663442940137	0.2127659574468085
0.05357142857142857	0.32657864741641385	0.10714285714285714
0.2857142857142857	0.6201020408163259	0.5510204081632653
0.5510204081632653	0.9452974749221732	1.0
0.15555555555555556	0.2665762711864404	0.2
0.0625	0.20516666666666628	0.10416666666666667
0.06521739130434782	0.2339628623188397	0.10869565217391304
0.10344827586206896	0.686431784107945	0.10344827586206896
0.10344827586206896	0.17949683321604482	0.12244897959183673
0.041666666666666664	0.3345620748299317	0.041666666666666664
0.0	0.8548891843971631	1.0
0.17857142857142858	0.9509821428571429	0.17857142857142858
0.0	0.3495283018867925	0.5094339622641509
0.0	0.7618797169811303	0.575
0.037037037037037035	0.5185648148148146	0.07407407407407407
0.018867924528301886	0.20848707197763822	0.018867924528301886
0.022222222222222223	0.3147777777777777	0.044444444444444446
0.02	0.4453444444444438	0.1
0.0	0.007808108108108109	0.0
0.0	0.30275510204081635	0.0
0.0	0.8660000000000001	0.2
0.6857142857142857	0.9984285714285714	1.0
1.0	1.0	1.0
0.0	0.2263333333333333	0.044444444444444446
0.0	0.8865306122448975	0.5918367346938775
0.09803921568627451	0.3954901960784312	0.21568627450980393
0.0196078431372549	0.9073529411764705	0.8431372549019608
0.023255813953488372	0.45112859097127206	0.27906976744186046
0.08	0.5106209302325582	0.24
0.125	0.3117249999999999	0.25
0.25	0.99625	1.0
0.21153846153846154	0.4855769230769234	0.7307692307692307
0.1836734693877551	0.3372821821036113	0.1836734693877551
0.2037037037037037	0.7000113378684829	0.7222222222222222
0.04878048780487805	0.21581074977416415	0.0975609756097561
0.12195121951219512	0.32901401141670994	0.19148936170212766
0.23404255319148937	0.9961702127659575	1.0
0.125	0.2938541666666665	0.16666666666666666
0.12244897959183673	0.1675637755102034	0.42857142857142855
0.01818181818181818	0.3149981447124306	0.5272727272727272
0.0	0.13056025369978863	0.06976744186046512
0.06666666666666667	0.30497416020671797	0.06666666666666667
0.14545454545454545	0.3182020202020197	0.2
0.19230769230769232	0.2664807692307696	0.19230769230769232
0.10344827586206896	0.19113395225464153	0.13793103448275862
0.13793103448275862	0.39918965517241406	0.4
0.07142857142857142	0.20188095238095197	0.07142857142857142
0.0	0.31386904761904766	0.0
0.1282051282051282	0.42240384615384563	0.23076923076923078
0.17647058823529413	0.3205656108597293	0.29411764705882354
0.24489795918367346	0.24514405762304992	0.24489795918367346
0.24489795918367346	0.5516500217108142	0.5531914893617021
0.3877551020408163	0.38858228397741934	0.3877551020408163
0.3877551020408163	0.9700468836183095	0.972972972972973
0.82	0.8207648648648609	0.82
0.22727272727272727	0.3114863636363634	0.22727272727272727
0.08196721311475409	0.5317101341281674	0.08196721311475409
0.024390243902439025	0.6215673730507809	0.024390243902439025
0.0	0.2550813008130079	0.0
0.0	0.11350000000000011	0.0
0.0	0.6625454545454548	0.2727272727272727
0.0	0.12458585858585831	0.0
0.0	0.5668888888888886	0.24444444444444444
0.0	0.5654905149051486	0.0
0.35	0.8592865853658528	0.675
0.9	0.9995	1.0
0.061224489795918366	0.608265306122449	0.061224489795918366
0.0	0.1540661047027504	0.0
0.13043478260869565	0.39944005270092253	0.16666666666666666
0.041666666666666664	0.44267992424242375	0.041666666666666664
0.04	0.07420833333333306	0.04
0.04	0.6262000000000015	0.1
0.24489795918367346	0.6990918367346936	0.3673469387755102
0.0	0.5050282240555799	0.1702127659574468
0.08108108108108109	0.1931483611270842	0.08108108108108109
0.16216216216216217	0.3801108108108109	0.18
0.4	0.997	1.0
0.125	0.3157142857142859	0.25
0.0	0.5095058139534899	0.0
0.5348837209302325	0.7819452519379838	0.7708333333333334
0.0	0.22531758130081228	0.0
0.08888888888888889	0.8261192411924125	0.26666666666666666
0.01694915254237288	0.4429491525423724	0.3220338983050847
0.08695652173913043	0.30954495210022154	0.08695652173913043
0.08695652173913043	0.2903541374474055	0.11290322580645161
0.0625	0.4394522849462373	0.5833333333333334
0.3191489361702128	0.7910261524822688	0.6595744680851063
0.16666666666666666	0.5346073961499498	0.38095238095238093
0.7857142857142857	0.9989285714285714	1.0
1.0	1.0	1.0
0.2033898305084746	0.37711864406779694	0.23728813559322035
0.25925925925925924	0.4995731324544883	0.25925925925925924
0.025	0.5075879629629635	0.275
0.2	0.6039545454545463	0.5681818181818182
0.25	0.5823181818181798	0.38333333333333336
0.16279069767441862	0.39193604651162756	0.27906976744186046
0.27906976744186046	0.40929008567931413	0.3684210526315789
0.17073170731707318	0.5167201540436465	0.36585365853658536
0.3103448275862069	0.49898444070647785	0.3103448275862069
0.11320754716981132	0.4150553025374114	0.09433962264150944
0.11320754716981132	0.43865114411882883	0.8085106382978723
0.13043478260869565	0.6473635522664225	0.13043478260869565
0.0	0.4356382978723413	0.06382978723404255
0.0851063829787234	0.5243255319148938	0.4
0.08695652173913043	0.6594999999999996	0.2608695652173913
0.20754716981132076	0.6565360951599674	0.7547169811320755
0.21568627450980393	0.3196503884572694	0.23529411764705882
0.14285714285714285	0.3064585834333729	0.22448979591836735
0.22448979591836735	0.6247732426303836	0.6507936507936508
0.4126984126984127	0.51767573696145	0.42857142857142855
0.18518518518518517	0.4434391534391537	0.18518518518518517
0.18518518518518517	0.8811077441077461	0.509090909090909
0.04	0.29945454545454525	0.08
0.07692307692307693	0.2709435897435892	0.10256410256410256
0.09803921568627451	0.4735972850678721	0.09803921568627451
0.0	0.22495475113122115	0.0
0.0	0.3343151147098516	0.07894736842105263
0.0	0.624628654970759	0.06666666666666667
0.01639344262295082	0.589134790528232	0.01639344262295082
0.024390243902439025	0.2583126749300281	0.8048780487804879
0.027777777777777776	0.375457317073171	0.027777777777777776
0.019230769230769232	0.2448397435897436	0.019230769230769232
0.019230769230769232	0.4598258835758836	0.05405405405405406
0.044444444444444446	0.13322222222222208	0.044444444444444446
0.0	0.17522222222222225	0.0
0.0	0.5797560975609756	0.43902439024390244
0.02040816326530612	0.12567197610751632	0.02040816326530612
0.02040816326530612	0.98812529663028	1.0
0.6122448979591837	0.9901020408163265	1.0
1.0	1.0	1.0
0.0	0.0525961538461538	0.019230769230769232
0.019230769230769232	0.14570590994371485	0.07317073170731707
0.07317073170731707	0.9012842210054753	0.12244897959183673
0.019230769230769232	0.16903453689167963	0.038461538461538464
0.0	0.20871794871794877	0.041666666666666664
0.0	0.5779967948717949	0.0
0.0	0.7403409090909109	0.22727272727272727
0.044444444444444446	0.6435429292929292	1.0
0.0	0.07152657004830916	0.0
0.0	0.9155208333333333	0.3541666666666667
0.047619047619047616	0.3463095238095238	0.047619047619047616
0.06451612903225806	0.8566013824884793	0.20967741935483872
0.022727272727272728	0.31520894428152496	0.18181818181818182
0.0	0.5046335807050091	1.0
0.0625	0.38654549319727904	0.0625
0.0	0.1554444444444444	0.06666666666666667
0.08888888888888889	0.39158730158730065	0.14285714285714285
0.22857142857142856	0.9713095238095238	1.0
0.0	0.1758333333333332	0.05555555555555555
0.0	0.7458333333333345	0.023809523809523808
0.022222222222222223	0.20610317460317454	0.022222222222222223
0.022222222222222223	0.8276643026004704	0.44680851063829785
0.02127659574468085	0.11542553191489358	0.06382978723404255
0.1702127659574468	0.9514962251201101	1.0
0.04081632653061224	0.45653061224489777	0.20408163265306123
0.06521739130434782	0.3647160603371781	0.08695652173913043
0.021739130434782608	0.37771739130434745	0.021739130434782608
0.9347826086956522	0.9996739130434783	1.0
0.0	0.3723529411764698	0.0
0.07692307692307693	0.2203092006033178	0.07692307692307693
0.07692307692307693	0.5294551282051283	0.07692307692307693
0.018867924528301886	0.9030261248185777	1.0
0.0	0.176640625	0.046875
0.046875	0.11987723214285687	0.08928571428571429
0.043478260869565216	0.31946816770186315	0.043478260869565216
0.02127659574468085	0.5051688251618875	0.02127659574468085
0.5957446808510638	0.9407565011820347	0.9111111111111111
0.020833333333333332	0.872263888888889	0.020833333333333332
0.06	0.7694	1.0
0.0	0.4456603773584892	0.0
0.0	0.12454373927958828	0.0
0.0	0.8861538461538462	1.0
0.0	0.783467741935484	0.0
0.05263157894736842	0.6959649122807015	0.3508771929824561
0.047619047619047616	0.38882832080200536	1.0
0.0	0.49253896103896083	0.09090909090909091
0.046875	0.7420752840909092	0.390625
0.24074074074074073	0.7774074074074071	0.5
0.022727272727272728	0.3641582491582498	0.022727272727272728
0.06521739130434782	0.3441551383399212	0.06521739130434782
0.0	0.2849411231884056	0.6458333333333334
0.0	0.7008333333333318	0.8301886792452831
0.0784313725490196	0.465044395116538	0.09803921568627451
0.0196078431372549	0.8511764705882366	1.0
0.0	0.3631713554987215	0.0
0.1956521739130435	0.8763230884557713	0.9137931034482759
0.02	0.38676896551724155	0.82
0.14	0.9956999999999999	1.0
0.0	0.5862499999999987	0.0
0.09259259259259259	0.5172685185185183	1.0
0.08771929824561403	0.8249561403508767	0.2807017543859649
0.08695652173913043	0.3630339435545383	0.10869565217391304
0.021739130434782608	0.3956521739130441	0.021739130434782608
0.037037037037037035	0.8036070853462154	0.8148148148148148
0.03225806451612903	0.1767502986857826	0.03225806451612903
0.0	0.2157862903225806	0.017857142857142856
0.06382978723404255	0.31610182370820655	0.1702127659574468
0.11627906976744186	0.8238743196437406	0.18604651162790697
1.0	1.0	1.0
0.24	0.47339999999999977	0.3
0.05555555555555555	0.8344407407407403	0.12962962962962962
0.07142857142857142	0.4831216931216933	0.07142857142857142
0.0196078431372549	0.33566526610644204	0.058823529411764705
0.06521739130434782	0.5405711849957374	0.21739130434782608
0.06976744186046512	0.32334175935288173	0.2558139534883721
0.0	0.28235066119471064	0.45098039215686275
0.0	0.5333995760466349	1.0
0.0	0.2334634634634632	0.0
0.0	0.044812925170068005	0.0
0.0	0.2369230769230768	0.0
0.0	0.8115625	0.020833333333333332
0.0	0.08276595744680851	0.0
0.0	0.6887499999999999	0.0
0.0	0.14510869565217394	0.0
0.0	0.017065217391304347	0.0
0.0	0.13660377358490566	0.0
0.0	0.9638297872340424	1.0
0.0	0.045784313725490196	0.0
0.0	0.9558333333333334	1.0
1.0	1.0	1.0
0.0	0.05416666666666666	0.0
0.0	0.977375	1.0
0.02127659574468085	0.8988297872340395	0.574468085106383
0.0425531914893617	0.9063829787234043	0.2127659574468085
0.0	0.34272727272727266	0.0
0.0	0.8819736842105264	0.07894736842105263
0.02702702702702703	0.9066216216216216	0.43243243243243246
0.04	0.8501756756756752	0.68
0.22413793103448276	0.6705896551724136	0.46551724137931033
0.022222222222222223	0.4047183908045973	0.2222222222222222
0.12	0.2911111111111112	0.2
0.10416666666666667	0.49036249999999937	0.2916666666666667
0.19047619047619047	0.22468750000000065	0.23809523809523808
0.21428571428571427	0.9960714285714286	1.0
0.08888888888888889	0.5017777777777783	0.6444444444444445
0.06818181818181818	0.3155681818181819	0.25
0.046511627906976744	0.5271828752642714	0.7209302325581395
0.1875	0.39086724806201545	0.25
0.037037037037037035	0.520868055555557	0.3888888888888889
0.04878048780487805	0.5023102981029812	0.2682926829268293
0.06779661016949153	0.3568499379909045	0.2542372881355932
0.11864406779661017	0.46194915254237323	0.4067796610169492
0.3559322033898305	0.9221546610169513	0.925
0.925	0.9996250000000001	1.0
0.19607843137254902	0.43441176470588255	0.4117647058823529
0.36363636363636365	0.4289906417112291	0.4090909090909091
0.4090909090909091	0.9970454545454546	1.0
0.1956521739130435	0.43695652173913097	0.2608695652173913
0.2608695652173913	0.9963043478260869	1.0
0.2830188679245283	0.4952830188679227	0.39622641509433965
0.15789473684210525	0.3051721284342937	0.2807017543859649
0.08333333333333333	0.4244243421052631	0.25
0.16666666666666666	0.36163690476190347	0.3333333333333333
0.0196078431372549	0.3897338935574235	0.0196078431372549
0.18181818181818182	0.3936965240641714	0.18181818181818182
0.18181818181818182	0.24850524475524474	0.19230769230769232
0.25	0.3349500000000015	0.28
0.18	0.5462000000000014	0.18
0.18	0.27440000000000064	0.18
0.25	0.4564961538461549	0.9038461538461539
0.14545454545454545	0.43961188811188884	0.14545454545454545
0.08	0.20342727272727248	0.12
0.13333333333333333	0.3302444444444446	0.26666666666666666
0.20930232558139536	0.29203100775193747	0.23255813953488372
0.09433962264150944	0.39335454146555543	0.18867924528301888
0.28205128205128205	0.40469762941461085	0.3333333333333333
0.18181818181818182	0.2264848484848492	0.18181818181818182
0.14	0.17620909090909123	0.14
0.14	0.3887769230769237	0.3076923076923077
0.019230769230769232	0.6584635007849269	0.8367346938775511
0.0	0.4703535832937812	0.0
0.13333333333333333	0.6736143410852725	0.13333333333333333
0.12	0.5561666666666671	0.12
0.08928571428571429	0.2681892857142859	0.08928571428571429
0.08928571428571429	0.9954464285714286	1.0
0.22916666666666666	0.5783333333333318	0.22916666666666666
0.0	0.1210897435897437	0.0
0.0	0.1047959183673472	0.0
0.0	0.18463663514186146	0.0
0.18867924528301888	0.702795674183157	0.18867924528301888
0.0	0.15427749654855047	0.0
0.0	0.020546522131888015	0.0
0.018518518518518517	0.8231695156695156	0.7307692307692307
0.15254237288135594	0.8057724902216441	0.7627118644067796
0.05357142857142857	0.0785457021791768	0.05357142857142857
0.05357142857142857	0.43751275510204096	0.40816326530612246
0.0	0.04611058376839114	0.0
0.0	0.9588095238095238	0.35714285714285715
0.0	0.1145158730158728	0.0
0.0	0.114190476190476	0.0
0.0	0.5816071428571429	0.10714285714285714
0.10714285714285714	0.5317579365079362	0.24444444444444444
0.24444444444444444	0.9962222222222222	1.0
0.09803921568627451	0.15578431372548976	0.09803921568627451
0.09803921568627451	0.7736274509803911	0.803921568627451
0.22641509433962265	0.9933592304846467	1.0
0.0625	0.5479166666666672	0.10416666666666667
0.05128205128205128	0.8708653846153841	0.10256410256410256
0.09433962264150944	0.9450266086115142	0.18867924528301888
0.22033898305084745	0.8703389830508473	0.22033898305084745
0.1388888888888889	0.48625	0.2777777777777778
0.06	0.17109444444444424	0.12
0.12	0.5734703703703711	0.14814814814814814
0.05405405405405406	0.19722722722722696	0.08108108108108109
0.08108108108108109	0.6310657827638942	0.2830188679245283
0.18181818181818182	0.2514150943396221	0.20454545454545456
0.09836065573770492	0.19261922503725748	0.09836065573770492
0.09836065573770492	0.19001561280249757	0.19047619047619047
0.19047619047619047	0.3265887445887452	0.32727272727272727
0.16	0.24243636363636317	0.18
0.21951219512195122	0.4114658536585364	0.3902439024390244
0.07547169811320754	0.9597376898297284	0.07547169811320754
0.2	0.36762499999999965	0.2
0.2	0.3243695652173912	0.2826086956521739
0.2222222222222222	0.3444130434782602	0.2222222222222222
0.09090909090909091	0.13440656565656592	0.13636363636363635
0.021739130434782608	0.1884090909090909	0.13043478260869565
0.0851063829787234	0.2582053654024055	0.19148936170212766
0.1276595744680851	0.37265957446808534	0.14893617021276595
0.21818181818181817	0.7198239845261112	0.7090909090909091
0.1951219512195122	0.23574057649667426	0.1951219512195122
0.2682926829268293	0.996341463414634	1.0
0.36	0.5726999999999987	0.58
0.24074074074074073	0.2573444444444444	0.24074074074074073
0.18604651162790697	0.1941106804478899	0.18604651162790697
0.18604651162790697	0.6324418604651157	0.6046511627906976
0.0	0.23516334440753078	0.0
0.16666666666666666	0.437115384615384	0.358974358974359
0.0975609756097561	0.14618511569731013	0.12195121951219512
0.14634146341463414	0.5653317073170743	0.54
0.5	0.8213904761904751	0.8095238095238095
0.125	0.7534821428571431	0.125
0.04878048780487805	0.3823998257839715	1.0
0.044444444444444446	0.18055555555555522	0.13333333333333333
0.02702702702702703	0.32064264264264236	0.21621621621621623
0.21052631578947367	0.298581081081081	0.23684210526315788
0.15151515151515152	0.5916387559808632	0.15151515151515152
0.02564102564102564	0.12596736596736566	0.05128205128205128
0.07692307692307693	0.2630441898526997	0.23404255319148937
0.23404255319148937	0.9961702127659575	1.0
0.1320754716981132	0.28537735849056534	0.1320754716981132
0.20930232558139536	0.2288569548047386	0.20930232558139536
0.19148936170212766	0.2733869371598225	0.19148936170212766
0.14893617021276595	0.7119148936170226	0.7021276595744681
0.14893617021276595	0.2571400296882725	0.23255813953488372
0.16129032258064516	0.21724681170292526	0.1774193548387097
0.1774193548387097	0.2285007331378306	0.18181818181818182
0.18181818181818182	0.32536561264822234	0.32608695652173914
0.32608695652173914	0.3265283939662807	0.32653061224489793
0.0	0.1294704908990629	0.0
0.11627906976744186	0.16055939660590796	0.11627906976744186
0.11627906976744186	0.30855758582502824	0.30952380952380953
0.30952380952380953	0.858690476190478	0.8571428571428571
0.1590909090909091	0.16337662337662365	0.1590909090909091
0.1590909090909091	0.5585128458498019	0.5652173913043478
0.10526315789473684	0.16085240274599527	0.10526315789473684
0.07894736842105263	0.16196881091617976	0.14814814814814814
0.14814814814814814	0.2381731731731738	0.16216216216216217
0.16216216216216217	0.27948428019856647	0.1836734693877551
0.19230769230769232	0.22372448979591872	0.19230769230769232
0.07894736842105263	0.31556680161943396	0.13157894736842105
0.13157894736842105	0.42647607655502395	0.2909090909090909
0.2909090909090909	0.9964545454545454	1.0
0.06666666666666667	0.18488888888888844	0.17777777777777778
0.17777777777777778	0.24425845410628072	0.2391304347826087
0.2391304347826087	0.9961956521739131	1.0
0.23636363636363636	0.5480000000000009	0.36363636363636365
0.36363636363636365	0.9968181818181818	1.0
0.046875	0.298203125	0.140625
0.140625	0.770612215909091	0.36363636363636365
0.24528301886792453	0.3166449399656943	0.2830188679245283
0.21153846153846154	0.34516509433962256	0.3076923076923077
0.3076923076923077	0.9965384615384616	1.0
0.027777777777777776	0.2331944444444445	0.16666666666666666
0.0	0.5985833333333349	0.0
0.1702127659574468	0.7707340425531926	0.8297872340425532
0.03389830508474576	0.6050360620266864	0.03389830508474576
0.03389830508474576	0.230067450709097	0.14285714285714285
0.12195121951219512	0.28425087108013974	0.2682926829268293
0.061224489795918366	0.6152613240418127	0.4489795918367347
0.3888888888888889	0.8097751322751311	0.8333333333333334
0.0851063829787234	0.3442966903073282	0.0851063829787234
0.0851063829787234	0.6563779128672741	0.8809523809523809
0.0975609756097561	0.24874854819976788	0.21951219512195122
0.2926829268292683	0.6279527763362739	0.6170212765957447
0.06818181818181818	0.4931576402321079	0.4772727272727273
0.06666666666666667	0.3685909090909087	0.15555555555555556
0.02040816326530612	0.2357868480725623	0.14285714285714285
0.02127659574468085	0.28497828918801565	0.02127659574468085
0.07547169811320754	0.29293857888398217	0.1320754716981132
0.02040816326530612	0.42214478244127784	0.2857142857142857
0.0	0.0680952380952379	0.047619047619047616
0.047619047619047616	0.23741991341991342	0.18181818181818182
0.17391304347826086	0.33728656126482315	0.32608695652173914
0.1346153846153846	0.5600919732441447	0.11538461538461539
0.1590909090909091	0.19400349650349707	0.1590909090909091
0.12280701754385964	0.2698564593301435	0.12280701754385964
0.09375	0.12442160087719298	0.09375
0.0847457627118644	0.7440148305084747	0.15254237288135594
0.18604651162790697	0.30810603074497495	0.27906976744186046
0.04878048780487805	0.08651162790697679	0.07317073170731707
0.07317073170731707	0.5373450203252039	0.5208333333333334
0.3333333333333333	0.9966666666666666	1.0
0.24	0.2686000000000006	0.24
0.16279069767441862	0.4455023255813951	0.16279069767441862
0.16279069767441862	0.9958139534883721	1.0
0.07692307692307693	0.18634615384615366	0.15384615384615385
0.15384615384615385	0.6041692307692322	0.36
0.14285714285714285	0.1862632653061231	0.1836734693877551
0.1111111111111111	0.2021405895691608	0.1111111111111111
0.018867924528301886	0.7412830188679229	0.9245283018867925
0.05	0.19911556603773622	0.15
0.05128205128205128	0.2676698717948726	0.05128205128205128
0.11627906976744186	0.5225730471079297	0.09302325581395349
0.0	0.6379217758985193	0.0
0.07272727272727272	0.2751818181818178	0.14545454545454545
0.14545454545454545	0.17227899686520362	0.1724137931034483
0.06382978723404255	0.22150036683785795	0.19148936170212766
0.18181818181818182	0.7498210831721454	0.7727272727272727
0.10909090909090909	0.14795454545454556	0.10909090909090909
0.07142857142857142	0.2841168831168825	0.2857142857142857
0.020833333333333332	0.4262648809523813	0.020833333333333332
0.4791666666666667	0.9973958333333335	1.0
0.05454545454545454	0.34645454545454496	0.2
0.0	0.20334042553191534	0.0
0.0196078431372549	0.7045848977889037	0.0196078431372549
0.0	0.31246434937611484	0.0
0.06818181818181818	0.6138636363636362	0.7045454545454546
0.0	0.10632974481658689	0.08771929824561403
0.03571428571428571	0.6403493107769427	0.6607142857142857
0.0196078431372549	0.3507843137254899	0.09803921568627451
0.0975609756097561	0.3475992348158772	0.14634146341463414
0.09090909090909091	0.2963325942350331	0.2545454545454545
0.047619047619047616	0.4507965367965372	0.4523809523809524
0.07317073170731707	0.24445412311265982	0.07317073170731707
0.1951219512195122	0.33311846689895364	0.2653061224489796
0.2564102564102564	0.2861983254840391	0.2564102564102564
0.07142857142857142	0.14247252747252717	0.07142857142857142
0.07142857142857142	0.9953571428571428	1.0
0.0	0.21097826086956492	0.0
0.21739130434782608	0.4785314009661832	0.24444444444444444
0.24444444444444444	0.5893174603174632	0.5952380952380952
0.47619047619047616	0.5153054806828411	0.5094339622641509
0.04	0.8704471698113236	0.46
0.30952380952380953	0.638190476190478	0.5952380952380952
0.2545454545454545	0.33800216450216497	0.2545454545454545
0.2545454545454545	0.4442534965034973	0.4423076923076923
0.34782608695652173	0.6889506688963213	0.34782608695652173
0.717391304347826	0.9985869565217391	1.0
0.14285714285714285	0.8633333333333291	1.0
0.0	0.784523809523809	0.0
0.0	0.38834656084656044	0.05555555555555555
0.0	0.4797826086956519	0.06521739130434782
0.2608695652173913	0.7190821256038658	0.6031746031746031
0.6031746031746031	0.998015873015873	1.0
0.325	0.35537500000000066	0.325
0.325	0.734782894736844	0.7368421052631579
0.225	0.23980921052631665	0.225
0.22033898305084745	0.24629449152542307	0.22033898305084745
0.22033898305084745	0.2630404704254572	0.22448979591836735
0.22448979591836735	0.3362167886022342	0.2641509433962264
0.17307692307692307	0.4712191582002888	0.17307692307692307
0.23333333333333334	0.25644871794871793	0.23333333333333334
0.23333333333333334	0.40089393939393936	0.4
0.4	0.6633636363636355	0.6590909090909091
0.22727272727272727	0.22943181818181768	0.22727272727272727
0.16	0.19313636363636377	0.16
0.16	0.2579698113207537	0.24528301886792453
0.24528301886792453	0.8040525020508621	0.8260869565217391
0.0	0.8953568498769484	0.0
0.26666666666666666	0.36633333333333273	0.3111111111111111
0.0	0.3185067750677513	0.0
0.2682926829268293	0.996341463414634	1.0
0.21052631578947367	0.3790350877192985	0.2631578947368421
0.08771929824561403	0.47447368421052494	0.08771929824561403
0.08771929824561403	0.6121491228070198	0.6052631578947368
0.38636363636363635	0.5610944976076537	0.5681818181818182
0.23076923076923078	0.6739947552447536	0.28846153846153844
0.21052631578947367	0.24562753036437218	0.21052631578947367
0.09090909090909091	0.10730263157894772	0.09090909090909091
0.09090909090909091	0.664258893280633	0.41304347826086957
0.717391304347826	0.9985869565217391	1.0
0.05405405405405406	0.8377027027027024	1.0
0.0784313725490196	0.8008823529411764	0.7058823529411765
0.7058823529411765	0.9985294117647058	1.0
0.08163265306122448	0.41255102040816366	0.42857142857142855
0.08888888888888889	0.34514285714285664	0.1111111111111111
0.25	0.5890753968253982	0.375
0.425	0.694428571428574	0.425
0.20512820512820512	0.6068685897435885	0.23076923076923078
0.23076923076923078	0.5190903540903555	0.5396825396825397
0.37735849056603776	0.9001512428870886	0.4339622641509434
0.0	0.289807692307692	0.15384615384615385
0.2708333333333333	0.5556810897435901	0.2708333333333333
0.06521739130434782	0.1270018115942029	0.06521739130434782
0.023255813953488372	0.5836981799797794	0.5581395348837209
0.10810810810810811	0.15287240729101176	0.13513513513513514
0.13513513513513514	0.6648423423423425	0.5277777777777778
0.07317073170731707	0.13824864498644973	0.07317073170731707
0.07317073170731707	0.20488966318234567	0.11904761904761904
0.11428571428571428	0.2283095238095234	0.14285714285714285
0.14285714285714285	0.6969642857142854	0.7333333333333333
0.07407407407407407	0.22504629629629685	0.18518518518518517
0.16666666666666666	0.2710714285714277	0.16666666666666666
0.09375	0.40473958333333326	0.375
0.2	0.3138090277777774	0.2
0.02857142857142857	0.6758571428571439	0.6285714285714286
0.6285714285714286	0.9981428571428572	1.0
0.0	0.7042452830188691	0.0
0.07547169811320754	0.909311784720075	1.0
0.13333333333333333	0.7151111111111118	0.6444444444444445
0.0	0.41476190476190455	0.0
0.07142857142857142	0.725811688311688	0.6363636363636364
0.038461538461538464	0.492578671328671	0.19230769230769232
0.19230769230769232	0.8207654600301645	0.49019607843137253
0.17391304347826086	0.8807374254049456	1.0
0.6521739130434783	0.9982608695652173	1.0
0.0967741935483871	0.3428225806451616	0.1935483870967742
0.16326530612244897	0.29855661619486495	0.16326530612244897
0.16326530612244897	0.487653061224489	0.8979591836734694
0.21666666666666667	0.6840952380952374	0.6833333333333333
0.38596491228070173	0.6540043859649128	0.38596491228070173
0.1836734693877551	0.46866809881847354	0.1836734693877551
0.2037037037037037	0.21983749055177587	0.2037037037037037
0.19642857142857142	0.25369708994708956	0.19642857142857142
0.19642857142857142	0.6966964285714267	0.7346938775510204
0.2608695652173913	0.2899911268855366	0.2608695652173913
0.15	0.1557880434782604	0.15
0.0	0.7111071428571419	0.0
0.022727272727272728	0.6521049783549779	0.022727272727272728
0.0425531914893617	0.29963733075435206	0.2127659574468085
0.2127659574468085	0.9960638297872341	1.0
0.6382978723404256	0.771808510638299	0.7021276595744681
0.1836734693877551	0.5149652627008233	0.2857142857142857
0.16279069767441862	0.5080754627432382	0.2558139534883721
0.16216216216216217	0.46303582652419983	0.16216216216216217
0.17391304347826086	0.3803838621229935	0.17391304347826086
0.041666666666666664	0.31409420289855094	0.041666666666666664
0.20833333333333334	0.9960416666666666	1.0
1.0	1.0	1.0
0.48	0.6203	0.58
0.52	0.9975999999999999	1.0
0.23404255319148937	0.47117021276595816	0.23404255319148937
0.16393442622950818	0.22838332752005605	0.16393442622950818
0.18032786885245902	0.8712525165372442	0.9649122807017544
0.12	0.23714561403508763	0.12
0.12	0.23352452830188608	0.22641509433962265
0.2037037037037037	0.33215059399021674	0.14814814814814814
0.2037037037037037	0.3955639730639724	0.22727272727272727
0.10638297872340426	0.17545696324951673	0.1702127659574468
0.1702127659574468	0.28710106382978834	0.28846153846153844
0.28846153846153844	0.5322377622377613	0.3181818181818182
0.19642857142857142	0.728733766233766	0.5
0.017857142857142856	0.3015178571428568	0.017857142857142856
0.05357142857142857	0.12845934650455987	0.1276595744680851
0.1276595744680851	0.9956382978723404	1.0
0.14285714285714285	0.14714285714285683	0.14285714285714285
0.06521739130434782	0.752562111801242	0.06521739130434782
0.29411764705882354	0.361864876385337	0.29411764705882354
0.125	0.2159497549019608	0.125
0.05263157894736842	0.4167543859649113	0.05263157894736842
0.15789473684210525	0.20706140350877142	0.15789473684210525
0.15789473684210525	0.7391228070175425	0.7592592592592593
0.10909090909090909	0.40560942760942803	0.2909090909090909
0.16363636363636364	0.684262626262628	0.3333333333333333
0.020833333333333332	0.08354166666666674	0.08333333333333333
0.08333333333333333	0.9954166666666666	1.0
0.1590909090909091	0.22386363636363593	0.22727272727272727
0.22727272727272727	0.9961363636363636	1.0
0.3111111111111111	0.37822222222222296	0.3111111111111111
0.2926829268292683	0.7203252032520328	0.3902439024390244
0.16666666666666666	0.44958841463414617	0.16666666666666666
0.13725490196078433	0.43763480392156817	0.13725490196078433
0.0	0.07443627450980413	0.045454545454545456
0.045454545454545456	0.8460454545454533	0.38181818181818183
0.16666666666666666	0.3345132575757571	0.16666666666666666
0.13559322033898305	0.5395162429378526	0.7966101694915254
0.11538461538461539	0.3441949152542373	0.15384615384615385
0.10869565217391304	0.4577132107023424	0.10869565217391304
0.1111111111111111	0.2548188405797099	0.1111111111111111
0.16666666666666666	0.3034814814814811	0.16666666666666666
0.06976744186046512	0.07594961240310089	0.06976744186046512
0.06976744186046512	0.8393071705426358	0.16666666666666666
0.16666666666666666	0.8701515151515141	0.7727272727272727
0.05555555555555555	0.15015993265993274	0.09259259259259259
0.1111111111111111	0.9955555555555555	1.0
0.125	0.47348214285714346	0.125
0.125	0.995625	1.0
0.0	0.691153846153844	0.6153846153846154
0.0	0.19668016194332008	0.13157894736842105
0.0	0.09960020242914966	0.038461538461538464
0.0625	0.5399439102564102	0.6666666666666666
0.05172413793103448	0.4372377873563218	0.08620689655172414
0.0	0.3751890502117362	0.05263157894736842
0.043478260869565216	0.08515446224256273	0.06521739130434782
0.0	0.6457912032355917	1.0
0.0	0.28150250797993615	0.0
0.0	0.4299	0.0
0.0	0.34254186046511625	0.0
0.023255813953488372	0.683201385452746	0.0851063829787234
0.018518518518518517	0.6500059101654847	0.7777777777777778
0.0	0.5719847020933978	1.0
0.014492753623188406	0.543659420289855	0.13043478260869565
0.02127659574468085	0.4985198889916743	0.23404255319148937
0.23076923076923078	0.6217471358428805	0.23076923076923078
0.0	0.4980017482517478	0.0
0.0	0.32386792452830204	0.0
0.0	0.16226415094339633	0.0
0.07547169811320754	0.9953773584905661	1.0
0.0	0.21772727272727288	0.0
0.0	0.7946999999999994	0.98
0.26	0.9088000000000003	0.7758620689655172
0.17647058823529413	0.3054901960784312	0.23529411764705882
0.18	0.5888764705882332	0.18
0.02127659574468085	0.4876127659574476	0.0
0.0	0.23287016934433383	0.0
0.30612244897959184	0.7080628703094165	0.5483870967741935
0.10204081632653061	0.4563791968400257	0.10204081632653061
0.17777777777777778	0.5153492063492059	0.17777777777777778
0.0392156862745098	0.2677647058823528	0.0392156862745098
0.019230769230769232	0.3559803921568626	1.0
0.15555555555555556	0.5310085470085469	0.35555555555555557
0.14814814814814814	0.6191851851851868	0.18518518518518517
0.05714285714285714	0.4924550264550261	0.2571428571428571
0.11363636363636363	0.481314935064934	0.8181818181818182
0.15217391304347827	0.343947628458498	0.1956521739130435
0.0	0.5484130434782608	0.0
0.2	0.996	1.0
0.06382978723404255	0.35287234042553267	0.2765957446808511
0.35714285714285715	0.5138620820668696	0.5535714285714286
0.35714285714285715	0.9967857142857143	1.0
0.26	0.3657999999999998	0.32
0.34782608695652173	0.5178434782608708	0.34782608695652173
0.3111111111111111	0.3196280193236709	0.3111111111111111
0.3111111111111111	0.3246237373737379	0.3181818181818182
0.1590909090909091	0.4482954545454536	0.1590909090909091
0.0625	0.27279356060606047	0.0625
0.0625	0.25555640243902406	0.0975609756097561
0.0	0.6516554878048759	0.55
0.037037037037037035	0.7870092592592576	0.07407407407407407
0.02	0.6333814814814805	1.0
0.02702702702702703	0.4314027027027036	0.02702702702702703
0.16981132075471697	0.6714609892911781	0.16981132075471697
0.0	0.7064150943396226	0.09433962264150944
0.0392156862745098	0.4528246392896782	0.7254901960784313
0.02040816326530612	0.19918367346938787	0.02040816326530612
0.02127659574468085	0.5591228831958314	0.14893617021276595
0.14893617021276595	0.4968316373728026	0.717391304347826
0.04081632653061224	0.41278615794143725	0.8571428571428571
0.0196078431372549	0.44497599039615776	0.1568627450980392
0.08695652173913043	0.36350170502983814	0.10869565217391304
0.10869565217391304	0.22261244377811107	0.15517241379310345
0.0	0.3215713166144203	0.0
0.0	0.4847222222222227	0.2777777777777778
0.25925925925925924	0.5186111111111116	0.5185185185185185
0.31746031746031744	0.47346560846560826	0.4603174603174603
0.09803921568627451	0.6424976657329584	0.09803921568627451
0.0	0.6881372549019592	1.0
0.02564102564102564	0.050067873303167296	0.02564102564102564
0.02564102564102564	0.2663782051282051	0.25
0.125	0.3353749999999999	0.25
0.041666666666666664	0.4672708333333329	0.3333333333333333
0.2708333333333333	0.31583333333333324	0.2708333333333333
0.2708333333333333	0.4092889492753624	0.3695652173913043
0.10869565217391304	0.14554347826086939	0.13043478260869565
0.13043478260869565	0.3430434782608691	0.21739130434782608
0.21739130434782608	0.9960869565217391	1.0
0.06	0.12330000000000009	0.12
0.11764705882352941	0.13707058823529383	0.13725490196078433
0.0	0.22414781297134265	0.0
0.024390243902439025	0.32571763602251386	0.024390243902439025
0.02702702702702703	0.540181278839815	0.08108108108108109
0.02702702702702703	0.7789087200407956	0.20754716981132076
0.10204081632653061	0.5693030419715056	0.10204081632653061
0.10204081632653061	0.9955102040816327	1.0
0.3	0.7702142857142874	0.3
0.1951219512195122	0.3034407665505229	0.1951219512195122
0.1346153846153846	0.23299484052532865	0.1346153846153846
0.14	0.24236923076923136	0.14
0.14	0.9735888888888908	0.9777777777777777
0.25	0.28270138888888896	0.25
0.25	0.99625	1.0
0.21153846153846154	0.2414423076923071	0.21153846153846154
0.0	0.785840301003345	0.0
0.6296296296296297	0.7339452495974262	1.0
0.0	0.5569832041343658	0.0
0.0196078431372549	0.20760601915184634	0.0196078431372549
0.0196078431372549	0.757848039215686	0.21666666666666667
0.0	0.6079950980392167	0.058823529411764705
0.3409090909090909	0.9390173796791446	0.3409090909090909
0.02040816326530612	0.7126739332096489	0.5714285714285714
0.02564102564102564	0.365677655677655	0.02564102564102564
0.0	0.12895173453996983	0.0392156862745098
0.05405405405405406	0.5175675675675676	0.05405405405405406
0.05405405405405406	0.9726566339066332	0.9772727272727273
0.0	0.2803030303030303	0.16666666666666666
0.0	0.9101950354609929	0.0
0.0392156862745098	0.22421568627450994	0.0392156862745098
0.0392156862745098	0.1541960784313724	0.1
0.2777777777777778	0.9052222222222241	0.9444444444444444
0.22448979591836735	0.6396201814058972	0.22448979591836735
0.22448979591836735	0.7971569317382119	0.3275862068965517
0.058823529411764705	0.4983924949290058	0.9411764705882353
0.022222222222222223	0.1585882352941174	0.37777777777777777
0.044444444444444446	0.37531150793650786	0.07142857142857142
0.07142857142857142	0.5546428571428582	0.3333333333333333
0.0	0.7387053571428587	0.4166666666666667
0.10526315789473684	0.7644517543859635	0.3157894736842105
0.34210526315789475	0.9967105263157895	1.0
0.021739130434782608	0.22119565217391307	0.043478260869565216
0.10204081632653061	0.48982031943212073	1.0
0.2857142857142857	0.9964285714285714	1.0
0.023809523809523808	0.46880952380952506	0.023809523809523808
0.0425531914893617	0.4026190476190481	0.0425531914893617
0.0	0.18785106382978733	0.04
0.04	0.1274093023255814	0.09302325581395349
0.044444444444444446	0.06279844961240298	0.06666666666666667
0.06666666666666667	0.7324761904761931	0.7346938775510204
0.0	0.14911791383219952	0.0
0.08888888888888889	0.9773593380614656	1.0
0.0	0.10141509433962265	0.0
0.11538461538461539	0.45842706821480383	0.11538461538461539
0.11320754716981132	0.22850145137880973	0.11320754716981132
0.0	0.10280287984111194	0.07894736842105263
0.10526315789473684	0.7048400412796678	0.19607843137254902
0.0	0.05428412874583808	0.03773584905660377
0.03333333333333333	0.8240220125786163	0.1
0.041666666666666664	0.6031666666666669	0.041666666666666664
0.0	0.3661703431372545	0.0392156862745098
0.018518518518518517	0.5571732026143787	0.018518518518518517
0.0	0.4804117415287628	0.0
0.0392156862745098	0.6436608260325394	0.0392156862745098
0.05454545454545454	0.4455935828877005	1.0
1.0	1.0	1.0
0.0784313725490196	0.7946078431372544	1.0
0.0	0.4407122849139657	0.8163265306122449
0.06521739130434782	0.27873114463176557	0.08695652173913043
0.058823529411764705	0.6032544757033239	0.5882352941176471
0.06976744186046512	0.21884860921112612	0.13953488372093023
0.13953488372093023	0.9956976744186047	1.0
0.14634146341463414	0.34865853658536594	0.1951219512195122
0.1951219512195122	0.3288569656883006	0.2542372881355932
0.2542372881355932	0.9962711864406779	1.0
0.22448979591836735	0.7977551020408145	0.5510204081632653
0.046511627906976744	0.2639084005695299	0.13953488372093023
0.13953488372093023	0.21059129143988142	0.14893617021276595
0.13725490196078433	0.31792031706299473	0.1568627450980392
0.10909090909090909	0.3769661319073085	0.23636363636363636
0.3333333333333333	0.9390662878787882	0.9166666666666666
0.2894736842105263	0.43387061403508775	0.2894736842105263
0.2894736842105263	0.9964473684210526	1.0
0.061224489795918366	0.1347959183673471	0.061224489795918366
0.10204081632653061	0.1808293530178027	0.1276595744680851
0.1276595744680851	0.5650645273805364	0.21311475409836064
0.21311475409836064	0.4390864071038254	0.3125
0.16666666666666666	0.36702546296296445	0.37037037037037035
0.37037037037037035	0.45256613756613634	0.44642857142857145
0.0	0.12744953416149044	0.0
0.0	0.06117614269788172	0.0
0.0	0.3938157894736845	0.0
0.21818181818181817	0.6420861244019141	0.23636363636363636
0.20408163265306123	0.4926103896103896	0.30612244897959184
0.08	0.45373061224489775	0.08
0.2	0.3857727272727278	0.3409090909090909
0.14634146341463414	0.19780210643015536	0.1951219512195122
0.14634146341463414	0.744303135888503	0.17857142857142858
0.16071428571428573	0.9958035714285713	1.0
0.044444444444444446	0.5546666666666681	0.9777777777777777
0.0	0.26812318840579685	0.0
0.0	0.4748936170212765	1.0
0.0	0.5444297872340429	0.0
0.0	0.3484307692307691	0.0
0.0	0.09445454545454542	0.0
0.0	0.7095454545454545	0.022727272727272728
0.0	0.0293819290465632	0.0
0.04878048780487805	0.9952439024390245	1.0
0.0425531914893617	0.7472340425531915	0.0425531914893617
0.0	0.8383127659574469	0.0
0.0	0.35687500000000033	0.0
0.0	0.5362867647058824	0.0
0.0	0.14132653061224482	0.0
0.0	0.8624468085106387	0.06382978723404255
0.0	0.3767190522243714	0.0
0.022222222222222223	0.7546186868686868	0.6222222222222222
0.0	0.4006896551724138	0.0
0.02127659574468085	0.8159574468085106	0.5531914893617021
0.05660377358490566	0.7877358490566039	0.6037735849056604
0.02631578947368421	0.5054145978152929	0.2894736842105263
0.2894736842105263	0.9964473684210526	1.0
0.02127659574468085	0.3364893617021276	0.1702127659574468
0.06382978723404255	0.9953191489361702	1.0
1.0	1.0	1.0
0.021739130434782608	0.7222826086956521	0.32608695652173914
0.09302325581395349	0.36429979777553045	0.3023255813953488
0.21818181818181817	0.3829809725158569	0.21818181818181817
0.21818181818181817	0.33731042128603084	0.2926829268292683
0.0	0.2996834457706287	0.23404255319148937
0.058823529411764705	0.3022236128493951	1.0
0.0784313725490196	0.9953921568627451	1.0
0.0	0.12368421052631585	0.02631578947368421
0.0	0.2341417004048578	0.0
0.49230769230769234	0.9974615384615384	1.0
0.08771929824561403	0.5562280701754384	0.47368421052631576
0.08771929824561403	0.4683455732354146	0.7209302325581395
0.0	0.5447777017783851	0.058823529411764705
0.13953488372093023	0.4796067031463751	0.32558139534883723
0.13157894736842105	0.30589963280293836	0.13157894736842105
0.14285714285714285	0.43172395273899	0.20408163265306123
0.20408163265306123	0.9960204081632653	1.0
1.0	1.0	1.0
0.11320754716981132	0.5193396226415092	0.22641509433962265
0.08333333333333333	0.7341529088050316	0.20833333333333334
0.041666666666666664	0.3794791666666667	0.22916666666666666
0.019230769230769232	0.6201121794871797	0.07692307692307693
0.0	0.22075384615384594	0.0
0.0	0.3987431372549015	0.0
0.0	0.26055806938159826	0.0
0.0	0.67359649122807	0.05263157894736842
0.02857142857142857	0.1486240601503757	0.02857142857142857
0.022727272727272728	0.7494610389610388	0.5681818181818182
0.025	0.290215909090909	0.05
0.025	0.522298913043478	0.3695652173913043
0.047619047619047616	0.476749482401656	0.35714285714285715
0.1	0.26936904761904734	0.1
0.12	0.1930166666666665	0.16
0.0	0.36130000000000045	0.0
0.1206896551724138	0.7233999999999984	0.7931034482758621
0.2857142857142857	0.4150369458128088	0.2857142857142857
0.0	0.7129301948051947	0.0
0.5454545454545454	0.9977272727272728	1.0
0.0625	0.38302083333333287	0.20833333333333334
0.017543859649122806	0.17293859649122822	0.03508771929824561
0.041666666666666664	0.3527741228070175	1.0
0.0	0.2654166666666665	0.0
0.16279069767441862	0.9958139534883721	1.0
1.0	1.0	1.0
0.022727272727272728	0.539090909090908	0.75
0.13333333333333333	0.21279545454545418	0.13333333333333333
0.02	0.3832	0.04
0.0	0.18313333333333348	0.041666666666666664
0.08333333333333333	0.9954166666666666	1.0
1.0	1.0	1.0
0.02	0.4883000000000006	0.04
0.03508771929824561	0.22875263157894765	0.15789473684210525
0.10638297872340426	0.7921724524076148	0.1276595744680851
0.07547169811320754	0.5409433962264151	0.1320754716981132
0.1320754716981132	0.799285377358488	0.325
0.08888888888888889	0.4285694444444436	0.08888888888888889
0.08064516129032258	0.23484408602150514	0.14516129032258066
0.1111111111111111	0.32388888888888856	0.15555555555555556
0.0	0.21136111111111094	0.0
0.11627906976744186	0.2960852713178293	0.11627906976744186
0.025	0.22270639534883702	0.125
0.1111111111111111	0.20984722222222207	0.15555555555555556
0.0	0.30322875816993383	0.0
0.09803921568627451	0.27715686274509804	0.125
0.125	0.935416666666665	0.2708333333333333
0.04918032786885246	0.34555157103825107	0.04918032786885246
0.03333333333333333	0.5218674863387985	0.1
0.021739130434782608	0.7170615942028995	0.782608695652174
0.09090909090909091	0.39873188405797116	0.2727272727272727
0.03508771929824561	0.40969696969697045	0.43859649122807015
0.02702702702702703	0.2081602655286866	0.05405405405405406
0.0	0.8135505666957278	0.4032258064516129
0.06818181818181818	0.14670454545454562	0.06818181818181818
0.04	0.6826409090909091	0.16
0.1276595744680851	0.3602680851063828	0.1702127659574468
0.0	0.3153510638297872	0.025
0.0	0.18587500000000023	0.0
0.10869565217391304	0.9955434782608695	1.0
1.0	1.0	1.0
1.0	1.0	1.0
0.0	0.0514285714285714	0.0
0.0	0.6660833333333335	0.0
0.022727272727272728	0.5227272727272723	0.6818181818181818
0.0	0.7890280464216637	1.0
0.0196078431372549	0.504705882352941	0.0784313725490196
0.024390243902439025	0.22451458632233412	0.2682926829268293
0.024390243902439025	0.8679268292682927	0.1951219512195122
0.0	0.5716857962697273	0.3333333333333333
0.0625	0.6683578431372552	0.0625
0.0625	0.8122916666666672	0.625
0.8333333333333334	0.9991666666666668	1.0
0.03508771929824561	0.42070175438596474	0.17543859649122806
0.03508771929824561	0.9366460268317826	0.9411764705882353
0.10204081632653061	0.6647058823529409	0.24489795918367346
0.0392156862745098	0.4252440976390554	0.058823529411764705
0.08771929824561403	0.37407120743034045	0.19298245614035087
0.0	0.151237639553429	0.0
0.0	0.7719642857142859	0.8928571428571429
0.175	0.5575178571428561	0.925
0.0	0.5711634615384624	0.7884615384615384
0.09803921568627451	0.25276960784313696	0.23529411764705882
0.09803921568627451	0.9954901960784314	1.0
1.0	1.0	1.0
0.0425531914893617	0.601489361702128	0.0425531914893617
0.0425531914893617	0.8640222897669705	0.35714285714285715
0.16666666666666666	0.5624074074074074	0.18518518518518517
0.18518518518518517	0.4700168350168348	0.22727272727272727
0.05263157894736842	0.6658732057416248	0.14035087719298245
0.14035087719298245	0.2482489241972854	0.20754716981132076
0.20689655172413793	0.4890549772283678	0.20689655172413793
0.20689655172413793	0.40499674690956367	0.20754716981132076
0.22916666666666666	0.3141588050314467	0.25
0.14285714285714285	0.6366581632653079	0.8163265306122449
0.17073170731707318	0.29202588352414144	0.17073170731707318
0.2	0.538441463414635	0.2
0.17391304347826086	0.41953913043478247	0.1956521739130435
0.06	0.6102565217391305	0.08
0.3	0.9965	1.0
1.0	1.0	1.0
0.02857142857142857	0.6689999999999985	0.17142857142857143
0.0	0.5847777777777765	0.15555555555555556
0.06382978723404255	0.7169479905437359	0.6382978723404256
0.06060606060606061	0.509977433913604	0.696969696969697
0.047619047619047616	0.5534090909090909	0.047619047619047616
0.05714285714285714	0.27869047619047604	0.05714285714285714
0.09090909090909091	0.326714285714286	0.09090909090909091
0.09090909090909091	0.4233268858800761	0.2127659574468085
0.3191489361702128	0.9965957446808511	1.0
0.2545454545454545	0.5764545454545466	0.2545454545454545
0.07547169811320754	0.1194253859348199	0.09433962264150944
0.16071428571428573	0.6609467654986517	0.6428571428571429
0.0	0.2685573308270675	0.0
0.05263157894736842	0.6504631578947354	0.6
0.10416666666666667	0.13883333333333328	0.10416666666666667
0.057692307692307696	0.12471955128205119	0.057692307692307696
0.057692307692307696	0.43688846153846034	0.44
0.1702127659574468	0.9309234042553158	0.7446808510638298
0.1509433962264151	0.7145162585307083	0.8113207547169812
0.020833333333333332	0.3381387578616353	0.020833333333333332
0.041666666666666664	0.9952083333333335	1.0
0.0	0.8137000000000008	0.08
0.0	0.5913924528301892	0.0
0.09090909090909091	0.6815158662092624	0.4318181818181818
0.0392156862745098	0.3555525846702312	0.19607843137254902
0.0	0.42209276018099545	0.0
0.0	0.35606382978723417	0.10638297872340426
0.0	0.3953396072013094	0.0
0.0	0.6343478260869564	0.043478260869565216
0.02127659574468085	0.11762257169287707	0.02127659574468085
0.0851063829787234	0.2712765957446809	0.10638297872340426
0.10638297872340426	0.9955319148936169	1.0
0.23404255319148937	0.762978723404256	0.6382978723404256
0.0	0.4708447126071769	0.0
0.0425531914893617	0.4990425531914896	0.2978723404255319
0.1702127659574468	0.9958510638297873	1.0
0.045454545454545456	0.20329545454545453	0.09090909090909091
0.022222222222222223	0.6654494949494949	0.022222222222222223
0.0	0.5949365079365068	0.0
0.0	0.5293877551020403	0.0
0.0	0.651785714285715	0.30952380952380953
0.07407407407407407	0.5720634920634942	0.35185185185185186
0.0	0.2855555555555556	0.0
0.1568627450980392	0.8185620915032682	0.2549019607843137
0.02702702702702703	0.6916216216216217	0.7837837837837838
0.0	0.3601563328033908	0.0
0.0	0.5083436532507741	0.0
0.016129032258064516	0.23483305036785507	0.016129032258064516
0.016129032258064516	0.816284348864994	0.07407407407407407
0.017543859649122806	0.3795857699805071	0.9824561403508771
0.017543859649122806	0.6990692007797263	0.6111111111111112
0.019230769230769232	0.4973753561253561	0.9230769230769231
0.022727272727272728	0.5714423076923086	0.13636363636363635
0.0	0.43934090909090856	0.0
0.0	0.20666666666666672	0.0
0.0	0.19371794871794865	0.02564102564102564
0.0	0.15482820512820517	0.0
0.0	0.0	0.0
0.017241379310344827	0.979340417000802	1.0
1.0	1.0	1.0
0.0	0.022666666666666665	0.0
0.0	0.027444444444444393	0.022222222222222223
0.0851063829787234	0.9402411347517688	0.2127659574468085
0.9787234042553191	0.9998936170212767	1.0
0.0	0.0095	0.0
0.0	0.995	1.0
0.43137254901960786	0.9869607843137254	1.0
0.06666666666666667	0.975	0.7333333333333333
0.1346153846153846	0.9539423076923077	0.3269230769230769
0.1568627450980392	0.8094702111613876	0.4117647058823529
0.3018867924528302	0.8154716981132074	0.6037735849056604
0.0	0.3866745283018866	0.55
0.0	0.4139042553191489	0.0
0.08695652173913043	0.6919241443108262	0.3695652173913043
0.11538461538461539	0.5540677257525082	1.0
0.3076923076923077	0.9965384615384616	1.0
0.0	0.5964473684210525	1.0
0.0	0.3323325358851673	0.022727272727272728
0.018867924528301886	0.3683083190394505	1.0
0.02702702702702703	0.6858873023967372	0.10810810810810811
0.02127659574468085	0.5352903967797586	0.3404255319148936
0.08196721311475409	0.47423264736658477	0.09836065573770492
0.04081632653061224	0.2603563064570092	0.061224489795918366
0.3469387755102041	0.9967346938775511	1.0
0.0	0.23195121951219502	0.0
0.0	0.1511210954214805	0.0
0.43859649122807015	0.9971929824561403	1.0
1.0	1.0	1.0
0.0	0.3723076923076923	0.07692307692307693
0.07692307692307693	0.1501573426573426	0.09090909090909091
0.09803921568627451	0.678259803921569	0.09803921568627451
0.07407407407407407	0.484193899782135	0.09259259259259259
0.25	0.6029166666666667	0.2916666666666667
0.019230769230769232	0.7792227564102564	0.9423076923076923
0.09259259259259259	0.551876780626779	0.09259259259259259
0.025	0.6720833333333331	0.3
0.1276595744680851	0.6519574468085106	0.6595744680851063
0.08333333333333333	0.4762115839243495	0.08333333333333333
0.05714285714285714	0.48837698412698344	0.3142857142857143
0.14583333333333334	0.4290297619047619	0.375
0.375	0.996875	1.0
0.043478260869565216	0.5178260869565219	0.6739130434782609
0.1346153846153846	0.47358695652173866	0.6538461538461539
0.13043478260869565	0.33239130434782665	0.21739130434782608
0.022727272727272728	0.6904644268774703	0.045454545454545456
0.02127659574468085	0.46200676982591843	0.3404255319148936
0.02127659574468085	0.23670212765957416	0.06382978723404255
0.08108108108108109	0.3072024151811386	0.13513513513513514
