1.0
0.88
0.7446808510638298
0.0
1.0
1.0
1.0
0.8108108108108109
0.26666666666666666
0.9821428571428571
1.0
0.08928571428571429
0.05357142857142857
0.14035087719298245
0.0
0.02
0.01639344262295082
0.021739130434782608
0.0
1.0
0.9318181818181818
1.0
1.0
0.0
0.0
0.018518518518518517
1.0
1.0
1.0
1.0
1.0
1.0
1.0
0.0196078431372549
0.82
0.0
0.02631578947368421
0.0
0.9454545454545454
0.01818181818181818
0.0
0.9782608695652174
0.0
1.0
0.03508771929824561
0.26666666666666666
0.9574468085106383
0.0
1.0
1.0
0.19148936170212766
0.0
0.022222222222222223
0.06521739130434782
1.0
0.23809523809523808
0.11764705882352941
0.09259259259259259
0.13333333333333333
0.7777777777777778
0.09090909090909091
1.0
0.23809523809523808
0.1509433962264151
0.2702702702702703
0.2727272727272727
0.15217391304347827
0.25
0.5416666666666666
0.5208333333333334
0.0
1.0
0.09803921568627451
0.13513513513513514
0.46938775510204084
0.25
0.14814814814814814
0.1590909090909091
0.32727272727272727
0.34615384615384615
0.3
0.30612244897959184
0.22
0.7142857142857143
0.23809523809523808
0.46296296296296297
0.4426229508196721
0.4666666666666667
0.3469387755102041
0.27906976744186046
1.0
1.0
0.8444444444444444
0.11363636363636363
0.1875
0.25
0.5227272727272727
0.35135135135135137
0.8085106382978723
0.1509433962264151
0.4339622641509434
1.0
0.18518518518518517
0.19444444444444445
0.4528301886792453
0.08888888888888889
0.15384615384615385
0.28205128205128205
0.19444444444444445
0.23076923076923078
0.08163265306122448
0.6
1.0
0.125
0.275
0.23255813953488372
0.5471698113207547
0.8297872340425532
0.24489795918367346
0.7755102040816326
0.3333333333333333
0.2222222222222222
0.23529411764705882
0.19047619047619047
0.09302325581395349
0.21428571428571427
0.16666666666666666
0.19047619047619047
0.16
0.08108108108108109
0.2564102564102564
0.21568627450980393
1.0
0.16666666666666666
0.46153846153846156
0.02631578947368421
0.2222222222222222
0.125
0.7857142857142857
0.07894736842105263
0.17073170731707318
0.21153846153846154
0.10638297872340426
0.08695652173913043
0.24561403508771928
0.14583333333333334
0.6304347826086957
0.5384615384615384
0.17777777777777778
0.0625
0.0625
0.12244897959183673
0.10416666666666667
1.0
0.6829268292682927
0.32075471698113206
0.8055555555555556
0.49019607843137253
0.6851851851851852
1.0
0.058823529411764705
0.5476190476190477
0.5681818181818182
0.7777777777777778
0.4915254237288136
0.09803921568627451
0.08064516129032258
0.18181818181818182
0.9433962264150944
0.1
0.13636363636363635
0.8478260869565217
0.25862068965517243
0.9387755102040817
0.4318181818181818
0.5272727272727272
0.39655172413793105
0.9787234042553191
1.0
0.12244897959183673
0.26666666666666666
0.8
0.5614035087719298
0.2727272727272727
0.0
0.15555555555555556
0.2222222222222222
0.04081632653061224
0.25
0.02127659574468085
0.02127659574468085
0.017543859649122806
0.8823529411764706
0.9387755102040817
0.0
0.02564102564102564
0.0
1.0
1.0
1.0
1.0
1.0
0.5681818181818182
0.03636363636363636
0.9347826086956522
1.0
1.0
0.23404255319148937
0.4897959183673469
0.375
0.07547169811320754
0.06060606060606061
0.04878048780487805
0.6170212765957447
0.024390243902439025
0.0
0.1
0.7804878048780488
1.0
0.02857142857142857
0.06451612903225806
0.9782608695652174
0.3902439024390244
0.05084745762711865
0.019230769230769232
0.0
0.09090909090909091
0.08196721311475409
0.22641509433962265
0.14634146341463414
0.5641025641025641
0.1016949152542373
0.022727272727272728
0.7142857142857143
0.9333333333333333
0.14583333333333334
0.9824561403508771
0.09090909090909091
0.0
0.19047619047619047
0.9152542372881356
0.038461538461538464
0.8936170212765957
0.43137254901960786
0.022222222222222223
0.7346938775510204
0.061224489795918366
0.5192307692307693
0.11538461538461539
0.0
0.06382978723404255
1.0
0.07407407407407407
0.6666666666666666
0.5081967213114754
0.17777777777777778
0.17307692307692307
0.05555555555555555
1.0
0.6226415094339622
1.0
0.625
0.4090909090909091
0.4339622641509434
0.18181818181818182
0.6111111111111112
0.5806451612903226
1.0
0.10526315789473684
0.15217391304347827
0.08196721311475409
0.20754716981132076
1.0
0.16666666666666666
0.17391304347826086
0.0975609756097561
0.019230769230769232
0.7592592592592593
0.0
0.0
1.0
0.96
0.0625
0.0
0.061224489795918366
0.024390243902439025
0.425531914893617
1.0
0.8490566037735849
0.125
0.022222222222222223
0.046511627906976744
0.10909090909090909
1.0
0.09433962264150944
0.26666666666666666
0.045454545454545456
0.6379310344827587
1.0
0.5925925925925926
0.08771929824561403
0.9038461538461539
0.7
0.0975609756097561
0.0
0.18604651162790697
0.4909090909090909
0.043478260869565216
0.11538461538461539
0.20454545454545456
0.07272727272727272
0.12195121951219512
0.0
0.85
0.044444444444444446
0.022727272727272728
0.21739130434782608
0.047619047619047616
0.8181818181818182
0.9772727272727273
1.0
0.13157894736842105
0.061224489795918366
0.1509433962264151
0.061224489795918366
0.057692307692307696
0.19148936170212766
0.023809523809523808
1.0
0.35294117647058826
0.1694915254237288
0.075
0.0196078431372549
0.09090909090909091
0.9591836734693877
0.13333333333333333
1.0
0.07142857142857142
1.0
0.14285714285714285
0.3170731707317073
0.024390243902439025
1.0
0.47619047619047616
0.1702127659574468
0.03636363636363636
0.0625
0.5
0.020833333333333332
0.09090909090909091
0.28205128205128205
1.0
0.1016949152542373
1.0
0.8666666666666667
0.96
0.023255813953488372
0.8571428571428571
0.3541666666666667
1.0
0.7105263157894737
0.9047619047619048
0.2692307692307692
1.0
0.9591836734693877
0.9166666666666666
0.20833333333333334
0.8679245283018868
0.16363636363636364
0.7058823529411765
0.07142857142857142
0.8085106382978723
0.22727272727272727
0.9565217391304348
0.06521739130434782
0.24
1.0
1.0
0.8958333333333334
0.023255813953488372
0.13636363636363635
0.5526315789473685
0.037037037037037035
1.0
1.0
0.02631578947368421
1.0
0.061224489795918366
0.9230769230769231
0.95
0.85
0.0
0.9827586206896551
0.023809523809523808
0.023809523809523808
0.0
0.717948717948718
0.0
1.0
0.0
1.0
1.0
0.9795918367346939
0.847457627118644
0.023255813953488372
0.0
0.7045454545454546
1.0
0.9347826086956522
1.0
0.044444444444444446
0.046511627906976744
0.9565217391304348
0.515625
0.975
0.020833333333333332
0.11627906976744186
0.13725490196078433
0.6181818181818182
1.0
0.0
0.0
0.2978723404255319
0.0
1.0
0.9411764705882353
0.0392156862745098
0.05357142857142857
1.0
1.0
0.8863636363636364
0.09433962264150944
0.05263157894736842
0.08888888888888889
0.0
1.0
0.9787234042553191
0.04081632653061224
0.0
0.7346938775510204
0.9545454545454546
1.0
0.0
0.4423076923076923
0.38
1.0
1.0
0.4444444444444444
0.3023255813953488
0.6888888888888889
0.07894736842105263
0.20930232558139536
0.3125
0.13157894736842105
1.0
0.15384615384615385
0.40384615384615385
0.7755102040816326
0.41304347826086957
0.019230769230769232
0.1
0.1282051282051282
0.9230769230769231
0.10416666666666667
0.7948717948717948
0.2631578947368421
0.23076923076923078
0.17307692307692307
0.20930232558139536
0.7446808510638298
0.14285714285714285
0.20833333333333334
0.64
0.17647058823529413
0.28888888888888886
0.3877551020408163
0.2608695652173913
0.30612244897959184
0.32653061224489793
0.5128205128205128
0.6842105263157895
0.5681818181818182
0.18421052631578946
0.14035087719298245
0.19047619047619047
0.23076923076923078
0.6052631578947368
0.9782608695652174
0.28
0.5185185185185185
1.0
0.3902439024390244
0.2037037037037037
0.11764705882352941
0.6590909090909091
0.22448979591836735
0.7878787878787878
0.11764705882352941
0.14705882352941177
0.42857142857142855
0.1276595744680851
0.15555555555555556
0.2978723404255319
0.6585365853658537
0.14893617021276595
0.10344827586206896
0.14634146341463414
0.22727272727272727
0.10344827586206896
0.32653061224489793
0.08695652173913043
0.08163265306122448
0.9787234042553191
0.4528301886792453
0.18867924528301888
0.14583333333333334
0.11627906976744186
0.2
0.12
0.10204081632653061
0.02631578947368421
0.1
0.13333333333333333
0.8518518518518519
0.10638297872340426
0.06666666666666667
0.17777777777777778
0.9183673469387755
0.08
1.0
1.0
0.04081632653061224
0.16
1.0
0.04878048780487805
1.0
0.07317073170731707
0.9807692307692307
0.14893617021276595
0.11764705882352941
0.8863636363636364
0.21568627450980393
0.95
0.07547169811320754
0.10256410256410256
0.12
0.17647058823529413
0.3142857142857143
0.12
0.21951219512195122
0.16666666666666666
0.22
0.7413793103448276
0.175
0.09523809523809523
0.13636363636363635
0.9655172413793104
0.5111111111111111
0.22033898305084745
0.325
1.0
0.12244897959183673
0.25
0.13636363636363635
0.23636363636363636
1.0
0.08888888888888889
1.0
0.8604651162790697
0.21818181818181817
0.41025641025641024
0.6428571428571429
0.0847457627118644
0.2
0.07692307692307693
0.125
0.04878048780487805
0.875
0.5636363636363636
0.23809523809523808
0.0784313725490196
0.23809523809523808
0.2391304347826087
0.1282051282051282
0.08163265306122448
0.07692307692307693
0.15217391304347827
0.11538461538461539
0.8604651162790697
0.9215686274509803
1.0
0.7872340425531915
0.8867924528301887
0.10638297872340426
0.3076923076923077
0.07017543859649122
1.0
0.2682926829268293
0.21052631578947367
0.21153846153846154
0.07894736842105263
0.043478260869565216
0.14285714285714285
0.6949152542372882
0.40425531914893614
0.1111111111111111
0.3617021276595745
0.07407407407407407
0.9423076923076923
0.23255813953488372
1.0
0.14285714285714285
0.07547169811320754
1.0
