0.0	0.0
0.0	0.0
0.0	1.0
0.0	0.0
0.0	1.0
0.0	0.0
0.0	1.0
0.08108108108108109	0.5405405405405406
0.022222222222222223	0.4222222222222222
0.0	0.0
0.0	0.04081632653061224
0.017857142857142856	0.4107142857142857
0.0	0.25
0.0	0.0
0.0	0.9555555555555556
0.02	0.02
0.01639344262295082	0.01639344262295082
0.01639344262295082	0.021739130434782608
0.0	0.0
0.0	1.0
0.9090909090909091	0.9545454545454546
0.9545454545454546	1.0
1.0	1.0
0.0	0.0
0.0	0.0
0.0	0.018518518518518517
0.018518518518518517	1.0
0.0	0.0
0.0	1.0
0.04081632653061224	0.04081632653061224
0.057692307692307696	0.46153846153846156
0.02	1.0
0.10526315789473684	0.47368421052631576
0.0	0.0
0.23529411764705882	0.32
0.10204081632653061	0.1836734693877551
0.05263157894736842	0.13157894736842105
0.15789473684210525	0.175
0.0	0.0
0.01818181818181818	0.01818181818181818
0.01818181818181818	1.0
0.13043478260869565	0.1956521739130435
0.1956521739130435	0.34782608695652173
0.8260869565217391	1.0
0.24561403508771928	0.3157894736842105
0.17777777777777778	0.28888888888888886
0.2553191489361702	0.44680851063829785
0.10869565217391304	0.30434782608695654
0.41304347826086957	1.0
1.0	1.0
0.0	0.0
0.0	0.0
0.0	1.0
0.06521739130434782	0.06521739130434782
0.0625	0.25
0.09523809523809523	0.23809523809523808
0.1568627450980392	0.1568627450980392
0.17647058823529413	0.4444444444444444
0.15	0.21666666666666667
0.17777777777777778	0.17777777777777778
0.022727272727272728	0.06818181818181818
0.045454545454545456	1.0
0.12698412698412698	0.12698412698412698
0.09433962264150944	0.22641509433962265
0.1891891891891892	0.1891891891891892
0.12727272727272726	0.12727272727272726
0.2545454545454545	0.32608695652173914
0.25	0.25
0.25	1.0
0.8333333333333334	0.8333333333333334
0.5714285714285714	0.5714285714285714
0.16279069767441862	0.16279069767441862
0.0392156862745098	0.0392156862745098
0.08108108108108109	0.08108108108108109
0.08163265306122448	0.46938775510204084
0.08333333333333333	0.08333333333333333
0.018518518518518517	0.2037037037037037
0.14814814814814814	0.1590909090909091
0.1590909090909091	0.21818181818181817
0.21153846153846154	0.21153846153846154
0.21153846153846154	1.0
0.6938775510204082	0.7346938775510204
0.4	0.4
0.47619047619047616	0.47619047619047616
0.07142857142857142	0.07142857142857142
0.12962962962962962	0.46296296296296297
0.13114754098360656	0.21311475409836064
0.08888888888888889	0.08888888888888889
0.12244897959183673	0.12244897959183673
0.12244897959183673	0.18604651162790697
0.0	0.038461538461538464
0.1346153846153846	1.0
0.06666666666666667	0.06666666666666667
0.2222222222222222	1.0
0.1875	0.1875
0.1875	1.0
0.022727272727272728	0.022727272727272728
0.022727272727272728	0.8648648648648649
0.06382978723404255	0.5106382978723404
0.05660377358490566	0.05660377358490566
0.018867924528301886	0.09433962264150944
0.05454545454545454	0.05454545454545454
0.018518518518518517	0.14814814814814814
0.14814814814814814	0.19444444444444445
0.11320754716981132	0.11320754716981132
0.06666666666666667	0.06666666666666667
0.05128205128205128	0.05128205128205128
0.05128205128205128	0.05128205128205128
0.1282051282051282	0.2222222222222222
0.11538461538461539	0.1346153846153846
0.08163265306122448	0.08163265306122448
0.04	0.04
0.04	1.0
0.125	0.125
0.05	0.05
0.05	0.23255813953488372
0.05660377358490566	0.05660377358490566
0.2765957446808511	0.2553191489361702
0.1836734693877551	0.46938775510204084
0.04081632653061224	0.8979591836734694
0.0196078431372549	0.0196078431372549
0.0	1.0
0.058823529411764705	0.058823529411764705
0.0	0.0
0.0	1.0
0.07142857142857142	0.375
0.0	0.08333333333333333
0.0625	0.42857142857142855
0.02	0.5
0.13513513513513514	0.5945945945945946
0.3076923076923077	0.48717948717948717
0.2549019607843137	0.43137254901960786
0.6078431372549019	1.0
0.2222222222222222	0.2222222222222222
0.07692307692307693	0.15384615384615385
0.0	0.0
0.10526315789473684	0.26666666666666666
0.125	0.175
0.16666666666666666	0.23809523809523808
0.07894736842105263	0.07894736842105263
0.12195121951219512	0.12195121951219512
0.12195121951219512	0.40384615384615385
0.10638297872340426	0.19148936170212766
0.1702127659574468	1.0
0.19298245614035087	0.2982456140350877
0.20833333333333334	0.20833333333333334
0.13043478260869565	0.13043478260869565
0.0	0.0
0.06666666666666667	0.06666666666666667
0.0	0.0
0.0625	0.16666666666666666
0.1836734693877551	0.1836734693877551
0.0	0.5
0.2	0.2
0.1951219512195122	0.1951219512195122
0.1320754716981132	0.1320754716981132
0.1320754716981132	0.16666666666666666
0.1568627450980392	0.1568627450980392
0.1568627450980392	0.9444444444444444
0.9444444444444444	1.0
0.09803921568627451	0.09803921568627451
0.21568627450980393	0.2619047619047619
0.18181818181818182	0.18181818181818182
0.12962962962962962	0.12962962962962962
0.15254237288135594	0.15254237288135594
0.0196078431372549	1.0
0.04838709677419355	0.06451612903225806
0.06818181818181818	0.022727272727272728
0.0	0.18867924528301888
0.06	0.4
0.0	0.13636363636363635
0.13636363636363635	0.9347826086956522
0.1724137931034483	0.3103448275862069
0.3103448275862069	0.5102040816326531
0.4318181818181818	0.45454545454545453
0.38181818181818183	0.4909090909090909
0.41379310344827586	0.43103448275862066
0.5172413793103449	1.0
1.0	1.0
0.20408163265306123	0.3673469387755102
0.022222222222222223	0.6444444444444445
0.2545454545454545	0.4
0.4	0.543859649122807
0.1590909090909091	0.29545454545454547
0.2558139534883721	0.27906976744186046
0.2222222222222222	0.5777777777777777
0.13333333333333333	0.28888888888888886
0.02040816326530612	0.30612244897959184
0.32653061224489793	0.4
0.2553191489361702	0.3404255319148936
0.0425531914893617	0.0425531914893617
0.017543859649122806	0.10526315789473684
0.3333333333333333	0.9607843137254902
0.10204081632653061	0.10204081632653061
0.075	0.125
0.10256410256410256	0.1282051282051282
0.1282051282051282	0.42857142857142855
0.42857142857142855	1.0
0.21428571428571427	0.30952380952380953
0.1320754716981132	0.1320754716981132
0.1320754716981132	1.0
1.0	1.0
0.11363636363636363	0.11363636363636363
0.03636363636363636	0.03636363636363636
0.2	0.9782608695652174
0.058823529411764705	0.058823529411764705
0.058823529411764705	1.0
0.0425531914893617	0.1276595744680851
0.0	0.1836734693877551
0.14285714285714285	1.0
0.18867924528301888	0.18867924528301888
0.15151515151515152	0.15151515151515152
0.15151515151515152	0.21951219512195122
0.2978723404255319	0.2978723404255319
0.0975609756097561	0.14634146341463414
0.14634146341463414	0.25
0.14	0.14
0.14	0.36585365853658536
0.803921568627451	0.803921568627451
0.02857142857142857	0.02857142857142857
0.08571428571428572	0.0967741935483871
0.12903225806451613	0.1956521739130435
0.0	0.0
0.0	0.0
0.0	0.0
0.0	0.0
0.0	0.18181818181818182
0.0	0.08196721311475409
0.08196721311475409	0.1509433962264151
0.14634146341463414	0.14634146341463414
0.14634146341463414	0.6410256410256411
0.1016949152542373	0.1016949152542373
0.022727272727272728	0.022727272727272728
0.022727272727272728	1.0
0.2	0.2
0.125	0.125
0.125	1.0
0.2727272727272727	0.5227272727272727
0.0	0.14893617021276595
0.0	0.047619047619047616
0.0847457627118644	0.1016949152542373
0.17307692307692307	0.17307692307692307
0.0	0.0
0.058823529411764705	0.0784313725490196
0.044444444444444446	0.08888888888888889
0.08888888888888889	0.22448979591836735
0.22448979591836735	1.0
0.28846153846153844	0.4423076923076923
0.11538461538461539	0.11538461538461539
0.1111111111111111	0.1111111111111111
0.02127659574468085	0.02127659574468085
0.0851063829787234	0.11764705882352941
0.2647058823529412	0.7777777777777778
0.7777777777777778	0.9074074074074074
0.19672131147540983	0.19672131147540983
0.17777777777777778	0.2222222222222222
0.0	0.0
0.0	0.0
0.8888888888888888	1.0
0.018867924528301886	0.018867924528301886
0.0	0.0
0.0	1.0
0.0	0.0
0.018867924528301886	0.018867924528301886
0.16363636363636364	0.16363636363636364
0.07407407407407407	0.5185185185185185
0.016129032258064516	0.5806451612903226
0.8548387096774194	1.0
0.13157894736842105	0.15789473684210525
0.043478260869565216	0.6956521739130435
0.1956521739130435	1.0
0.20754716981132076	0.20754716981132076
0.20754716981132076	1.0
0.11904761904761904	0.16666666666666666
0.15217391304347827	0.15217391304347827
0.07317073170731707	0.0975609756097561
0.0	0.0
0.5769230769230769	0.8333333333333334
0.0	0.0
0.0	0.0
0.0	1.0
0.0	0.66
0.020833333333333332	0.020833333333333332
0.08333333333333333	0.5957446808510638
0.061224489795918366	0.061224489795918366
0.024390243902439025	0.21951219512195122
0.02127659574468085	0.8085106382978723
0.11666666666666667	1.0
0.05660377358490566	0.9433962264150944
0.05660377358490566	0.07142857142857142
0.0	0.0
0.0	0.0
0.10909090909090909	0.45454545454545453
1.0	1.0
0.03773584905660377	0.03773584905660377
0.1111111111111111	0.8
0.045454545454545456	0.045454545454545456
0.045454545454545456	0.4827586206896552
0.4827586206896552	1.0
0.0	0.5185185185185185
0.017543859649122806	0.03508771929824561
0.07692307692307693	0.0
0.1	0.9
0.0	0.24390243902439024
0.0	0.0
0.0	0.18604651162790697
0.0	0.14545454545454545
0.08695652173913043	0.08695652173913043
0.07692307692307693	0.1346153846153846
0.1590909090909091	0.20454545454545456
0.21818181818181817	0.21818181818181817
0.024390243902439025	0.14634146341463414
0.0	0.0
0.05263157894736842	0.15
0.0	0.044444444444444446
0.0	0.0
0.022727272727272728	0.32608695652173914
0.047619047619047616	0.047619047619047616
0.21428571428571427	0.41818181818181815
0.22727272727272727	0.22727272727272727
0.8863636363636364	1.0
0.13157894736842105	0.13157894736842105
0.10204081632653061	0.12244897959183673
0.10204081632653061	0.1509433962264151
0.02040816326530612	0.02040816326530612
0.057692307692307696	0.15384615384615385
0.1702127659574468	0.19148936170212766
0.023809523809523808	0.023809523809523808
0.023809523809523808	0.975609756097561
0.35294117647058826	0.6176470588235294
0.1694915254237288	0.1694915254237288
0.075	0.075
0.0392156862745098	0.058823529411764705
0.058823529411764705	0.09090909090909091
0.4772727272727273	1.0
0.13333333333333333	0.13333333333333333
0.15555555555555556	1.0
0.047619047619047616	0.047619047619047616
0.047619047619047616	1.0
0.023809523809523808	0.11904761904761904
0.11904761904761904	0.2682926829268293
0.024390243902439025	0.024390243902439025
0.8048780487804879	1.0
0.16666666666666666	0.40476190476190477
0.0425531914893617	0.2765957446808511
0.01818181818181818	0.05454545454545454
0.020833333333333332	0.020833333333333332
0.10416666666666667	0.8055555555555556
0.020833333333333332	0.020833333333333332
0.020833333333333332	0.09090909090909091
0.02564102564102564	0.02564102564102564
0.23076923076923078	1.0
0.06779661016949153	0.06779661016949153
0.1016949152542373	1.0
0.06666666666666667	0.06666666666666667
0.9333333333333333	1.0
0.023255813953488372	0.023255813953488372
0.023255813953488372	0.07142857142857142
0.07142857142857142	0.125
0.10204081632653061	1.0
0.39473684210526316	0.7105263157894737
0.09523809523809523	0.11904761904761904
0.019230769230769232	0.25
0.0	0.06896551724137931
0.04081632653061224	0.061224489795918366
0.0	0.0
1.0	1.0
0.018867924528301886	0.018867924528301886
0.018867924528301886	0.14545454545454545
0.0	0.0
0.017857142857142856	0.017857142857142856
0.02127659574468085	0.02127659574468085
0.0	0.0
0.0	0.043478260869565216
0.021739130434782608	0.06521739130434782
0.06521739130434782	0.76
0.8372093023255814	0.8372093023255814
0.5892857142857143	0.5892857142857143
0.0	0.0
0.023255813953488372	0.06976744186046512
0.06976744186046512	0.6363636363636364
0.4473684210526316	0.4473684210526316
0.4473684210526316	0.9259259259259259
0.9259259259259259	1.0
0.1	0.1
0.07894736842105263	0.07894736842105263
0.07894736842105263	1.0
0.14285714285714285	0.14285714285714285
0.0	0.0
0.05128205128205128	0.15
0.15	0.15
0.15	0.18518518518518517
0.18518518518518517	0.9827586206896551
0.023809523809523808	0.023809523809523808
0.047619047619047616	0.047619047619047616
0.0	0.0
0.07692307692307693	0.07692307692307693
0.0	0.0
0.7619047619047619	1.0
0.0	0.0
0.6818181818181818	1.0
1.0	1.0
0.061224489795918366	0.061224489795918366
0.061224489795918366	0.9152542372881356
0.023255813953488372	0.023255813953488372
0.0	0.0
0.04081632653061224	0.8181818181818182
0.041666666666666664	0.041666666666666664
0.0	0.043478260869565216
0.39285714285714285	0.39285714285714285
0.0	0.0
0.0	0.0
0.34782608695652173	0.9565217391304348
0.5	1.0
0.0	0.0
0.020833333333333332	0.020833333333333332
0.020833333333333332	0.9767441860465116
0.0	0.0
0.0	0.0
0.0	1.0
0.0	0.0
0.0	1.0
0.8297872340425532	0.8723404255319149
0.0	0.0
0.0	1.0
0.9803921568627451	1.0
0.9411764705882353	0.9411764705882353
0.017857142857142856	1.0
1.0	1.0
0.9347826086956522	0.9565217391304348
0.0	0.0
0.0	0.0
0.0	0.0
0.0	0.022222222222222223
0.0	0.0
0.0	1.0
0.0	0.0
0.04081632653061224	0.7959183673469388
0.18604651162790697	0.7674418604651163
0.02040816326530612	0.08163265306122448
0.061224489795918366	0.3409090909090909
1.0	1.0
0.0	0.14545454545454545
0.14545454545454545	0.2692307692307692
0.0	0.0
0.2558139534883721	0.27906976744186046
0.08888888888888889	0.2222222222222222
0.2	0.5777777777777777
0.046511627906976744	0.18604651162790697
0.18604651162790697	1.0
0.10526315789473684	0.23684210526315788
0.046511627906976744	0.06976744186046512
0.20930232558139536	0.3958333333333333
0.02631578947368421	0.15789473684210525
0.08	0.22
0.0	0.7307692307692307
0.1346153846153846	0.15384615384615385
0.28846153846153844	1.0
0.043478260869565216	0.21739130434782608
0.11538461538461539	0.19230769230769232
0.06	0.1
0.1	0.5641025641025641
0.07692307692307693	0.8653846153846154
0.8653846153846154	1.0
0.02564102564102564	0.02564102564102564
0.19298245614035087	0.5614035087719298
0.23076923076923078	0.23076923076923078
0.15384615384615385	0.19230769230769232
0.16279069767441862	0.27906976744186046
0.14893617021276595	0.2765957446808511
0.14285714285714285	0.22857142857142856
0.020833333333333332	0.020833333333333332
0.20833333333333334	0.36
0.17647058823529413	0.17647058823529413
0.17647058823529413	0.17777777777777778
0.2222222222222222	0.2653061224489796
0.08695652173913043	0.08695652173913043
0.12244897959183673	0.6326530612244898
0.0	0.16326530612244897
0.02564102564102564	0.02564102564102564
0.10526315789473684	0.10526315789473684
0.0	0.0
0.02631578947368421	0.02631578947368421
0.0	0.0
0.0	0.015873015873015872
0.0	0.0
0.0	0.9473684210526315
0.021739130434782608	1.0
0.96	0.98
0.0	0.6296296296296297
0.6346153846153846	0.8269230769230769
0.024390243902439025	0.4146341463414634
0.0	0.3888888888888889
0.11764705882352941	0.2549019607843137
0.045454545454545456	0.09090909090909091
0.0	0.0
0.0	1.0
0.0	0.11764705882352941
0.0	0.14705882352941177
0.09523809523809523	0.35714285714285715
0.02127659574468085	0.7021276595744681
0.1111111111111111	0.3111111111111111
0.2978723404255319	0.3191489361702128
0.21951219512195122	0.21951219512195122
0.19148936170212766	0.7872340425531915
0.10344827586206896	0.15517241379310345
0.04878048780487805	0.12195121951219512
0.12195121951219512	0.29545454545454547
0.06896551724137931	0.10344827586206896
0.04081632653061224	0.22448979591836735
0.391304347826087	0.391304347826087
0.08163265306122448	0.08163265306122448
0.16326530612244897	1.0
0.24528301886792453	0.24528301886792453
0.24528301886792453	0.24528301886792453
0.24528301886792453	1.0
0.13953488372093023	0.16279069767441862
0.16279069767441862	0.2
0.2	0.26
0.10204081632653061	0.12244897959183673
0.0	0.0
0.0	0.0
0.044444444444444446	1.0
0.037037037037037035	0.8888888888888888
0.0	0.02127659574468085
0.02127659574468085	0.03333333333333333
0.03333333333333333	0.1111111111111111
0.0	0.0
0.0	1.0
1.0	1.0
1.0	1.0
0.0	0.0
0.02040816326530612	1.0
1.0	1.0
0.04878048780487805	0.4146341463414634
0.045454545454545456	0.11363636363636363
0.0	0.1951219512195122
0.1951219512195122	1.0
0.02127659574468085	0.2127659574468085
0.0	0.0
0.38636363636363635	0.9545454545454546
0.17647058823529413	0.21568627450980393
0.21568627450980393	0.6
0.05660377358490566	0.07547169811320754
0.02564102564102564	0.20512820512820512
0.12	0.5
0.17647058823529413	0.17647058823529413
0.0	0.02857142857142857
0.0	0.0
0.024390243902439025	0.024390243902439025
0.16666666666666666	0.16666666666666666
0.0	0.0
0.0	0.3620689655172414
0.05	0.2
0.031746031746031744	0.09523809523809523
0.09523809523809523	0.13636363636363635
0.20454545454545456	1.0
0.0	0.2222222222222222
0.1694915254237288	0.1694915254237288
0.1	0.225
0.16279069767441862	0.20930232558139536
0.12244897959183673	0.12244897959183673
0.20408163265306123	0.325
0.09090909090909091	0.09090909090909091
0.13636363636363635	0.32727272727272727
0.2545454545454545	0.35294117647058826
0.044444444444444446	0.06666666666666667
0.1111111111111111	1.0
0.0	0.9302325581395349
0.0	0.16363636363636364
0.05128205128205128	0.05128205128205128
0.1794871794871795	0.21428571428571427
0.03389830508474576	0.9152542372881356
0.044444444444444446	0.2
0.057692307692307696	0.057692307692307696
0.057692307692307696	0.125
0.04878048780487805	0.34146341463414637
0.16666666666666666	0.8333333333333334
0.10909090909090909	0.16363636363636364
0.16363636363636364	0.8333333333333334
0.0784313725490196	0.0784313725490196
0.0784313725490196	1.0
0.2391304347826087	0.2391304347826087
0.1282051282051282	0.1282051282051282
0.1794871794871795	0.8163265306122449
0.07692307692307693	0.07692307692307693
0.15217391304347827	0.15217391304347827
0.09615384615384616	0.1346153846153846
0.1346153846153846	0.6976744186046512
0.09803921568627451	0.13725490196078433
0.09803921568627451	1.0
0.06382978723404255	0.06382978723404255
0.06382978723404255	0.24528301886792453
0.7924528301886793	1.0
0.2692307692307692	0.28846153846153844
0.07017543859649122	0.9649122807017544
0.10526315789473684	1.0
0.0975609756097561	0.3170731707317073
0.17543859649122806	0.42105263157894735
0.23076923076923078	0.34615384615384615
0.07894736842105263	0.15789473684210525
0.2631578947368421	1.0
1.0	1.0
1.0	1.0
0.02127659574468085	0.02127659574468085
0.12962962962962962	0.12962962962962962
0.12962962962962962	0.14893617021276595
0.09259259259259259	0.2962962962962963
0.6296296296296297	0.6730769230769231
0.023255813953488372	0.023255813953488372
0.023255813953488372	0.24489795918367346
0.04081632653061224	0.1836734693877551
0.018867924528301886	0.05660377358490566
0.07547169811320754	0.12195121951219512
0.12195121951219512	0.18867924528301888
0.18867924528301888	1.0
0.046511627906976744	0.046511627906976744
0.19148936170212766	0.19148936170212766
0.07017543859649122	0.07017543859649122
0.024390243902439025	0.024390243902439025
0.038461538461538464	0.038461538461538464
0.0	0.07547169811320754
0.0	0.0
0.06382978723404255	0.7254901960784313
0.0	0.14893617021276595
0.017241379310344827	0.06896551724137931
0.06896551724137931	0.11320754716981132
0.11320754716981132	1.0
0.10909090909090909	0.10909090909090909
0.10909090909090909	0.1111111111111111
0.1111111111111111	1.0
0.1568627450980392	0.1568627450980392
0.11538461538461539	0.7692307692307693
0.7692307692307693	1.0
0.04918032786885246	0.04918032786885246
0.7575757575757576	0.7575757575757576
0.7575757575757576	1.0
0.08	0.08
0.08	0.1724137931034483
0.11627906976744186	0.11627906976744186
0.047619047619047616	0.8333333333333334
0.9761904761904762	1.0
0.0	0.0
0.1836734693877551	0.4897959183673469
0.022222222222222223	0.044444444444444446
0.044444444444444446	0.12244897959183673
0.025	0.05
0.1	0.8666666666666667
0.17073170731707318	0.17073170731707318
0.0	0.0
0.0	0.0
0.2222222222222222	0.31746031746031744
0.16326530612244897	0.16326530612244897
0.16326530612244897	0.4878048780487805
0.12195121951219512	0.17073170731707318
0.06818181818181818	0.06818181818181818
0.06818181818181818	0.3181818181818182
0.16981132075471697	0.2641509433962264
0.14285714285714285	0.15873015873015872
0.11538461538461539	0.15384615384615385
0.15384615384615385	0.2857142857142857
0.13333333333333333	0.13333333333333333
0.03636363636363636	0.03636363636363636
0.03636363636363636	0.4418604651162791
0.06382978723404255	0.06382978723404255
0.06382978723404255	1.0
0.09803921568627451	0.7843137254901961
0.14814814814814814	0.6111111111111112
0.48148148148148145	1.0
0.06	0.78
0.02564102564102564	0.07692307692307693
0.07692307692307693	0.07692307692307693
0.0	0.0
0.02702702702702703	1.0
0.09090909090909091	0.18181818181818182
0.0	0.0
0.0	0.020833333333333332
0.0	0.0
0.037037037037037035	0.07407407407407407
0.0	0.018867924528301886
0.018867924528301886	0.8421052631578947
0.11538461538461539	0.11538461538461539
0.11538461538461539	1.0
0.11904761904761904	0.14285714285714285
0.08333333333333333	0.08333333333333333
0.021739130434782608	0.6521739130434783
0.018518518518518517	0.07407407407407407
0.043478260869565216	0.06521739130434782
0.03278688524590164	0.04918032786885246
0.02564102564102564	0.9487179487179487
0.1	0.1
0.0	0.0
0.022222222222222223	0.06666666666666667
0.04081632653061224	0.5918367346938775
0.21818181818181817	0.7272727272727273
0.13953488372093023	0.13953488372093023
0.07142857142857142	0.07142857142857142
0.07142857142857142	0.11320754716981132
0.18867924528301888	1.0
0.02127659574468085	0.1276595744680851
0.058823529411764705	0.09803921568627451
0.10869565217391304	0.10869565217391304
0.10869565217391304	0.15384615384615385
0.7714285714285715	0.7714285714285715
0.7714285714285715	0.9148936170212766
0.11538461538461539	0.11538461538461539
0.15384615384615385	0.5892857142857143
0.06779661016949153	0.06779661016949153
0.06779661016949153	0.11627906976744186
0.11627906976744186	0.1694915254237288
0.0	0.10416666666666667
0.10416666666666667	1.0
0.32608695652173914	0.32608695652173914
0.11940298507462686	0.19402985074626866
0.09615384615384616	0.09615384615384616
0.05263157894736842	0.07017543859649122
0.04081632653061224	0.04081632653061224
0.04081632653061224	0.9795918367346939
0.02127659574468085	0.02127659574468085
0.0	0.06666666666666667
0.0	0.11363636363636363
0.16666666666666666	0.20833333333333334
0.20833333333333334	1.0
0.016666666666666666	0.18333333333333332
0.0	0.05
0.022222222222222223	0.06666666666666667
0.0	0.0
0.0	0.7446808510638298
0.09615384615384616	1.0
0.11363636363636363	0.11363636363636363
0.22727272727272727	0.7446808510638298
1.0	1.0
0.057692307692307696	1.0
0.16666666666666666	0.16666666666666666
0.16666666666666666	0.2
0.17777777777777778	0.8222222222222222
0.1111111111111111	0.15555555555555556
0.1111111111111111	0.15217391304347827
0.06818181818181818	0.18181818181818182
0.14035087719298245	0.6666666666666666
0.020833333333333332	0.8125
0.13636363636363635	0.13636363636363635
0.13636363636363635	1.0
0.022727272727272728	0.18181818181818182
0.1346153846153846	0.1346153846153846
0.12244897959183673	0.12244897959183673
0.12244897959183673	0.4888888888888889
0.37254901960784315	0.5490196078431373
0.09803921568627451	1.0
0.15789473684210525	0.15789473684210525
0.05357142857142857	0.05357142857142857
0.05357142857142857	0.16981132075471697
0.1320754716981132	0.1320754716981132
0.1320754716981132	0.3333333333333333
0.0	0.0
0.0	0.14
0.1388888888888889	0.16666666666666666
0.09433962264150944	0.09433962264150944
0.08333333333333333	0.125
0.125	0.3620689655172414
0.10638297872340426	0.851063829787234
0.046511627906976744	0.046511627906976744
0.0	0.0
0.0	0.0
0.0	0.07142857142857142
0.07142857142857142	1.0
0.28888888888888886	0.28888888888888886
0.13953488372093023	0.13953488372093023
0.13953488372093023	0.16363636363636364
0.07142857142857142	0.07142857142857142
0.07142857142857142	0.18421052631578946
0.06779661016949153	0.06779661016949153
0.06779661016949153	0.12244897959183673
0.12244897959183673	1.0
0.6571428571428571	0.6571428571428571
0.49019607843137253	0.5098039215686274
0.0	0.0
0.0	0.0
0.0	0.13636363636363635
0.1	0.1
0.1	1.0
0.09615384615384616	0.1346153846153846
0.07272727272727272	0.07272727272727272
0.07272727272727272	1.0
0.07894736842105263	0.15789473684210525
0.15789473684210525	0.6612903225806451
0.08888888888888889	0.08888888888888889
0.021739130434782608	0.021739130434782608
0.0	0.0
0.04081632653061224	0.04081632653061224
0.06521739130434782	0.06521739130434782
0.06521739130434782	0.23214285714285715
0.11320754716981132	0.11320754716981132
0.020833333333333332	0.020833333333333332
0.0625	0.125
0.06976744186046512	0.06976744186046512
0.18604651162790697	0.20833333333333334
0.20833333333333334	1.0
0.02040816326530612	0.02040816326530612
0.02040816326530612	0.022727272727272728
0.020833333333333332	0.020833333333333332
0.0	0.0
0.8596491228070176	1.0
0.020833333333333332	0.020833333333333332
0.020833333333333332	0.5128205128205128
0.021739130434782608	0.043478260869565216
0.021739130434782608	0.7441860465116279
0.0	0.0
0.0	0.22448979591836735
0.0196078431372549	0.0196078431372549
0.0	0.0
0.0	0.0
0.0	1.0
0.38095238095238093	0.5476190476190477
0.027777777777777776	0.027777777777777776
0.020833333333333332	0.6458333333333334
0.034482758620689655	0.034482758620689655
0.39655172413793105	1.0
0.0	0.0
0.0	0.9354838709677419
0.0	0.14035087719298245
0.13636363636363635	0.75
0.025	0.3
0.025	0.9019607843137255
0.0	0.02040816326530612
0.0	0.0
0.0	0.021739130434782608
0.021739130434782608	1.0
0.13636363636363635	0.5681818181818182
0.0	0.2553191489361702
0.33962264150943394	0.33962264150943394
0.02127659574468085	0.2978723404255319
0.11764705882352941	0.11764705882352941
0.05660377358490566	0.18867924528301888
0.16981132075471697	1.0
0.020833333333333332	0.10416666666666667
0.1891891891891892	0.1891891891891892
0.21621621621621623	0.2564102564102564
0.08163265306122448	0.7142857142857143
0.6326530612244898	0.6326530612244898
0.3409090909090909	0.36363636363636365
0.14583333333333334	0.14583333333333334
0.1509433962264151	0.18867924528301888
0.1875	0.3125
0.15555555555555556	0.15555555555555556
0.125	0.25
0.2	0.2
0.2	0.24489795918367346
0.06666666666666667	0.06666666666666667
0.2222222222222222	1.0
0.0	0.22580645161290322
0.22448979591836735	0.24489795918367346
0.16326530612244897	0.16326530612244897
0.14	0.14
0.13953488372093023	0.16279069767441862
0.18604651162790697	0.24074074074074073
0.0851063829787234	0.0851063829787234
0.07142857142857142	0.21428571428571427
0.041666666666666664	0.125
0.8333333333333334	1.0
0.22033898305084745	0.6779661016949152
0.20408163265306123	0.8979591836734694
0.21568627450980393	0.3137254901960784
0.019230769230769232	0.019230769230769232
0.0	0.0851063829787234
0.044444444444444446	0.15555555555555556
0.016666666666666666	0.26666666666666666
0.0425531914893617	0.2553191489361702
0.044444444444444446	0.2
0.034482758620689655	0.15517241379310345
0.13333333333333333	0.8222222222222222
0.14583333333333334	0.16666666666666666
0.022222222222222223	0.022222222222222223
0.2222222222222222	0.5614035087719298
0.2033898305084746	0.2033898305084746
0.09523809523809523	0.09523809523809523
0.09523809523809523	0.1
0.09803921568627451	0.09803921568627451
0.11627906976744186	0.16279069767441862
0.18181818181818182	0.2909090909090909
0.11363636363636363	0.18181818181818182
0.044444444444444446	0.08888888888888889
0.06666666666666667	1.0
0.2982456140350877	0.2982456140350877
0.22448979591836735	0.2653061224489796
0.2653061224489796	0.2982456140350877
0.3508771929824561	0.825
0.1891891891891892	0.24324324324324326
0.18604651162790697	0.18604651162790697
0.18604651162790697	1.0
1.0	1.0
1.0	1.0
1.0	1.0
0.6909090909090909	0.7090909090909091
0.32	0.32
0.2833333333333333	0.2833333333333333
0.14285714285714285	0.14285714285714285
0.14285714285714285	0.2
0.0	0.023255813953488372
0.023255813953488372	0.6136363636363636
0.5454545454545454	1.0
1.0	1.0
0.06521739130434782	0.13043478260869565
0.13043478260869565	0.15384615384615385
0.15384615384615385	1.0
0.045454545454545456	0.09090909090909091
0.09090909090909091	1.0
0.1	0.18
0.18	0.36363636363636365
0.36363636363636365	0.5454545454545454
0.17777777777777778	0.17777777777777778
0.17777777777777778	0.6153846153846154
0.2	0.2
0.26666666666666666	0.3114754098360656
0.10416666666666667	0.10416666666666667
0.16666666666666666	0.20754716981132076
0.22641509433962265	0.3333333333333333
0.19230769230769232	0.19230769230769232
0.16666666666666666	0.16666666666666666
0.18518518518518517	0.24528301886792453
0.14	0.14
0.14	1.0
0.2222222222222222	0.2222222222222222
0.24074074074074073	0.3191489361702128
0.2653061224489796	0.2653061224489796
0.09803921568627451	0.13725490196078433
0.04081632653061224	0.1836734693877551
0.12727272727272726	0.7272727272727273
0.10526315789473684	0.23684210526315788
0.08333333333333333	0.16666666666666666
0.16666666666666666	1.0
1.0	1.0
1.0	1.0
0.03225806451612903	0.16129032258064516
0.16071428571428573	0.16071428571428573
0.08888888888888889	0.08888888888888889
0.12727272727272726	0.18181818181818182
0.03508771929824561	0.22807017543859648
0.11363636363636363	0.13636363636363635
0.1276595744680851	0.1276595744680851
0.09302325581395349	0.09302325581395349
0.14583333333333334	0.125
0.19148936170212766	0.19148936170212766
0.13333333333333333	0.17777777777777778
0.0	0.0
0.09523809523809523	0.4230769230769231
0.1276595744680851	0.1276595744680851
0.125	0.125
0.09090909090909091	0.09090909090909091
0.11363636363636363	0.6
0.16	0.16
0.1	0.2
0.2	0.21739130434782608
0.18604651162790697	0.18604651162790697
0.125	0.125
0.125	0.2826086956521739
0.14893617021276595	0.48936170212765956
0.08333333333333333	0.08333333333333333
0.10204081632653061	1.0
0.044444444444444446	0.28888888888888886
0.22727272727272727	0.22727272727272727
0.05084745762711865	0.05084745762711865
0.09615384615384616	0.09615384615384616
0.1896551724137931	0.1896551724137931
0.22413793103448276	0.24444444444444444
0.26666666666666666	0.5319148936170213
0.2553191489361702	0.2553191489361702
0.11363636363636363	0.2727272727272727
0.18421052631578946	0.18421052631578946
0.08108108108108109	0.16216216216216217
0.023809523809523808	0.21428571428571427
0.023255813953488372	0.09302325581395349
0.019230769230769232	0.09615384615384616
0.0	0.11363636363636363
0.0	0.3333333333333333
0.061224489795918366	0.22448979591836735
0.09615384615384616	0.11538461538461539
0.17307692307692307	0.6326530612244898
0.08163265306122448	0.12244897959183673
0.20408163265306123	0.28888888888888886
0.06818181818181818	0.25
0.06818181818181818	0.2127659574468085
0.10714285714285714	0.10714285714285714
0.2857142857142857	0.5510204081632653
0.5102040816326531	0.9152542372881356
0.06666666666666667	0.15555555555555556
0.041666666666666664	0.041666666666666664
0.041666666666666664	0.08695652173913043
0.10344827586206896	1.0
0.12244897959183673	0.14285714285714285
0.14285714285714285	0.20833333333333334
0.20833333333333334	0.8085106382978723
0.017857142857142856	0.39285714285714285
0.0	0.1509433962264151
0.0	0.0
0.037037037037037035	0.037037037037037035
0.018867924528301886	0.22641509433962265
0.018867924528301886	0.28888888888888886
0.04	0.1
0.0	0.05405405405405406
0.0	0.0
0.02857142857142857	0.2
0.2	1.0
1.0	1.0
0.08888888888888889	0.08888888888888889
0.08888888888888889	0.24489795918367346
0.13725490196078433	0.21568627450980393
0.21568627450980393	0.8235294117647058
0.16279069767441862	0.20930232558139536
0.22	0.22
0.22	0.25
0.25	1.0
0.21153846153846154	0.21153846153846154
0.21153846153846154	0.22448979591836735
0.18518518518518517	0.6296296296296297
0.12195121951219512	0.12195121951219512
0.0	0.23404255319148937
0.2127659574468085	1.0
0.16666666666666666	0.16666666666666666
0.16326530612244897	0.16326530612244897
0.12727272727272726	0.18181818181818182
0.023255813953488372	0.06976744186046512
0.06666666666666667	0.06666666666666667
0.14545454545454545	0.14545454545454545
0.14545454545454545	0.19230769230769232
0.10344827586206896	0.13793103448275862
0.13333333333333333	0.25
0.09523809523809523	0.19047619047619047
0.19047619047619047	0.25
0.20512820512820512	0.23076923076923078
0.23076923076923078	0.29411764705882354
0.16326530612244897	0.24489795918367346
0.1276595744680851	0.5531914893617021
0.0	0.0
0.0	0.972972972972973
0.24	0.82
0.22727272727272727	0.22727272727272727
0.22727272727272727	0.5573770491803278
0.36585365853658536	0.6829268292682927
0.21052631578947367	0.21052631578947367
0.16666666666666666	0.16666666666666666
0.16666666666666666	0.2727272727272727
0.022222222222222223	0.022222222222222223
0.17777777777777778	0.24444444444444444
0.21951219512195122	0.7073170731707317
0.7073170731707317	0.8
0.8	1.0
0.061224489795918366	0.08163265306122448
0.043478260869565216	0.13043478260869565
0.13043478260869565	0.18181818181818182
0.18181818181818182	0.5625
0.08	0.12
0.1	0.125
0.125	0.3673469387755102
0.1702127659574468	0.1702127659574468
0.16216216216216217	0.16216216216216217
0.16216216216216217	0.4
0.4	1.0
0.17857142857142858	0.25
0.11627906976744186	0.5348837209302325
0.16666666666666666	0.14583333333333334
0.14634146341463414	0.24390243902439024
0.06666666666666667	0.9333333333333333
0.06779661016949153	0.2542372881355932
0.08695652173913043	0.08695652173913043
0.016129032258064516	0.14516129032258066
0.020833333333333332	0.14583333333333334
0.22916666666666666	0.6595744680851063
0.21428571428571427	0.5238095238095238
0.2619047619047619	1.0
1.0	1.0
0.0	0.05084745762711865
0.07407407407407407	0.9629629629629629
0.15	0.175
0.2	0.25
0.0	0.0
0.0	0.0
0.0	0.0
0.0	0.0
0.06896551724137931	0.06896551724137931
0.018867924528301886	0.09433962264150944
0.0	0.0
0.0	0.0
0.0	0.0
0.0	0.0
0.0	1.0
0.1320754716981132	0.2641509433962264
0.21568627450980393	0.27450980392156865
0.0	0.24489795918367346
0.12698412698412698	0.31746031746031744
0.30158730158730157	0.7959183673469388
0.18518518518518517	0.8703703703703703
0.16363636363636364	0.16363636363636364
0.7	0.7
0.1282051282051282	0.2564102564102564
0.11764705882352941	0.11764705882352941
0.02564102564102564	0.1794871794871795
0.07894736842105263	0.21052631578947367
0.06666666666666667	0.06666666666666667
0.01639344262295082	0.01639344262295082
0.024390243902439025	0.024390243902439025
0.024390243902439025	0.16666666666666666
0.019230769230769232	1.0
0.02702702702702703	0.05405405405405406
0.0	0.044444444444444446
0.0	0.0
0.024390243902439025	0.5609756097560976
0.02040816326530612	0.04081632653061224
0.061224489795918366	1.0
0.3469387755102041	0.6530612244897959
0.9795918367346939	1.0
0.0	0.019230769230769232
0.019230769230769232	0.14634146341463414
0.04081632653061224	0.12244897959183673
0.019230769230769232	0.038461538461538464
0.0	0.020833333333333332
0.0	0.038461538461538464
0.045454545454545456	0.8181818181818182
0.044444444444444446	1.0
0.0	0.043478260869565216
0.020833333333333332	0.041666666666666664
0.041666666666666664	0.07142857142857142
0.03225806451612903	0.04838709677419355
0.022727272727272728	0.7045454545454546
0.0	1.0
0.0625	0.0625
0.0	0.4444444444444444
0.044444444444444446	0.22857142857142856
0.16666666666666666	0.8666666666666667
0.0	0.05555555555555555
0.0	0.023809523809523808
0.022222222222222223	0.022222222222222223
0.022222222222222223	0.8723404255319149
0.02127659574468085	0.06382978723404255
0.1702127659574468	1.0
0.02040816326530612	0.02040816326530612
0.021739130434782608	0.043478260869565216
0.0	1.0
0.021739130434782608	1.0
0.0	0.35294117647058826
0.0392156862745098	0.3076923076923077
0.057692307692307696	1.0
0.018867924528301886	0.11320754716981132
0.0	0.046875
0.07142857142857142	0.07142857142857142
0.021739130434782608	0.043478260869565216
0.02127659574468085	0.02127659574468085
0.02127659574468085	0.9555555555555556
0.020833333333333332	0.020833333333333332
0.02	0.06
0.0	0.660377358490566
0.0	0.0
0.0	1.0
0.0	0.0
0.0	1.0
0.047619047619047616	0.07142857142857142
0.0	0.0
0.0	0.09375
0.09375	1.0
0.0	0.0
0.0	0.0
0.0	0.0
0.0	0.0
0.0	0.43137254901960786
0.0196078431372549	0.0196078431372549
0.0	0.0
1.0	1.0
0.02	0.02
0.04	1.0
0.0	0.0
0.0625	1.0
0.03508771929824561	0.03508771929824561
0.03508771929824561	0.08695652173913043
0.0	0.0
0.021739130434782608	0.037037037037037035
0.03225806451612903	0.03225806451612903
0.0	0.017857142857142856
0.017857142857142856	0.06382978723404255
0.023255813953488372	0.16279069767441862
0.16279069767441862	1.0
0.02	0.02
0.05555555555555555	0.05555555555555555
0.05555555555555555	0.07142857142857142
0.058823529411764705	0.0784313725490196
0.0784313725490196	0.717391304347826
0.046511627906976744	0.046511627906976744
0.0	0.0
0.0	0.0
0.0	0.0
0.0	0.0
0.0	0.0
0.0	0.0625
0.0	0.0
0.06818181818181818	0.22727272727272727
0.0	0.0
0.0	0.0
0.0	0.0
0.0425531914893617	0.0425531914893617
0.0425531914893617	1.0
0.020833333333333332	0.020833333333333332
0.041666666666666664	1.0
0.07142857142857142	0.14285714285714285
0.14285714285714285	0.975
0.0851063829787234	0.0851063829787234
0.574468085106383	0.8936170212765957
0.13636363636363635	0.18181818181818182
0.10526315789473684	0.15789473684210525
0.10810810810810811	0.13513513513513514
0.06	0.08
0.06	1.0
0.044444444444444446	0.044444444444444446
0.044444444444444446	0.68
0.10416666666666667	0.6458333333333334
0.09523809523809523	0.19047619047619047
0.19047619047619047	1.0
0.044444444444444446	0.08888888888888889
0.045454545454545456	0.1590909090909091
0.045454545454545456	0.13953488372093023
0.4583333333333333	0.8958333333333334
0.037037037037037035	0.037037037037037035
0.0	0.0
0.0847457627118644	0.3728813559322034
0.15254237288135594	0.15254237288135594
0.15254237288135594	0.925
0.925	1.0
0.19607843137254902	0.37254901960784315
0.045454545454545456	0.045454545454545456
0.5681818181818182	1.0
0.13043478260869565	0.13043478260869565
0.13043478260869565	1.0
0.03773584905660377	0.1320754716981132
0.0	0.14035087719298245
0.08333333333333333	0.10416666666666667
0.047619047619047616	0.21428571428571427
0.16666666666666666	0.8431372549019608
0.06818181818181818	0.09090909090909091
0.09090909090909091	0.09615384615384616
0.06	0.06
0.1	0.1
0.1	0.44
0.25	0.2692307692307692
0.12727272727272726	0.12727272727272726
0.08	0.12
0.12	0.17777777777777778
0.17777777777777778	0.2558139534883721
0.09433962264150944	0.9622641509433962
0.05128205128205128	0.3076923076923077
0.14545454545454545	0.18181818181818182
0.1	0.1
0.23076923076923078	0.28846153846153844
0.0	0.0
0.0	0.046511627906976744
0.06666666666666667	1.0
0.06666666666666667	0.12
0.05357142857142857	0.05357142857142857
0.7142857142857143	1.0
0.22916666666666666	0.3333333333333333
0.038461538461538464	0.21153846153846154
0.10204081632653061	0.1836734693877551
0.0975609756097561	0.24390243902439024
0.16981132075471697	0.18867924528301888
0.14634146341463414	0.14634146341463414
0.018518518518518517	0.018518518518518517
0.018518518518518517	0.7307692307692307
0.7307692307692307	0.7627118644067796
0.05357142857142857	0.05357142857142857
0.05357142857142857	0.40816326530612246
0.046511627906976744	0.046511627906976744
0.046511627906976744	0.11904761904761904
0.022222222222222223	0.022222222222222223
0.02857142857142857	0.02857142857142857
0.07142857142857142	0.07142857142857142
0.10714285714285714	0.24444444444444444
0.24444444444444444	1.0
0.058823529411764705	0.09803921568627451
0.09803921568627451	0.803921568627451
0.7843137254901961	1.0
0.10416666666666667	0.10416666666666667
0.02564102564102564	0.05128205128205128
0.02564102564102564	0.1320754716981132
0.06779661016949153	0.8305084745762712
0.1388888888888889	0.1388888888888889
0.06	0.06
0.06	0.14814814814814814
0.05405405405405406	0.05405405405405406
0.05405405405405406	0.8113207547169812
0.20454545454545456	0.3181818181818182
0.04918032786885246	0.04918032786885246
0.04918032786885246	0.16666666666666666
0.07142857142857142	0.18181818181818182
0.1	0.14
0.14	0.6585365853658537
0.2641509433962264	0.6981132075471698
0.2	0.675
0.08695652173913043	0.15217391304347827
0.17777777777777778	0.17777777777777778
0.09090909090909091	0.09090909090909091
0.021739130434782608	0.021739130434782608
0.02127659574468085	0.0425531914893617
0.0425531914893617	0.0425531914893617
0.0425531914893617	0.07272727272727272
0.07272727272727272	0.17073170731707318
0.7317073170731707	1.0
0.0	0.0
0.0	1.0
0.023255813953488372	0.09302325581395349
0.06976744186046512	0.7906976744186046
0.07142857142857142	0.14285714285714285
0.14285714285714285	0.1794871794871795
0.0975609756097561	0.0975609756097561
0.12195121951219512	0.24
0.023809523809523808	0.023809523809523808
0.023809523809523808	0.9642857142857143
0.04878048780487805	0.07317073170731707
0.044444444444444446	0.08888888888888889
0.02702702702702703	0.9459459459459459
0.0	1.0
0.030303030303030304	0.06060606060606061
0.0	0.0
0.0	0.2127659574468085
0.23404255319148937	1.0
0.11320754716981132	0.2830188679245283
0.023255813953488372	0.2558139534883721
0.0851063829787234	0.6808510638297872
0.06382978723404255	0.14893617021276595
0.13953488372093023	0.23255813953488372
0.04838709677419355	0.08064516129032258
0.045454545454545456	0.18181818181818182
0.17391304347826086	0.2608695652173913
0.08163265306122448	1.0
0.0	0.8648648648648649
0.09302325581395349	0.09302325581395349
0.023809523809523808	0.9285714285714286
0.061224489795918366	0.061224489795918366
0.08163265306122448	0.18181818181818182
0.043478260869565216	0.06521739130434782
0.05263157894736842	0.07894736842105263
0.12962962962962962	0.14814814814814814
0.08108108108108109	0.21621621621621623
0.061224489795918366	0.061224489795918366
0.0	0.9615384615384616
0.0	0.0
0.0	0.2909090909090909
0.2909090909090909	1.0
0.044444444444444446	0.2
0.10869565217391304	0.32608695652173914
0.2391304347826087	1.0
0.18181818181818182	0.43636363636363634
0.36363636363636365	1.0
0.171875	0.203125
0.203125	0.36363636363636365
0.2830188679245283	0.2830188679245283
0.21153846153846154	0.21153846153846154
0.5576923076923077	1.0
0.027777777777777776	0.027777777777777776
0.1	1.0
0.1702127659574468	0.1702127659574468
0.0	0.0
0.14285714285714285	0.14285714285714285
0.0975609756097561	0.14634146341463414
0.16326530612244897	0.24489795918367346
0.09259259259259259	0.9814814814814815
0.06382978723404255	0.0851063829787234
0.19047619047619047	0.2619047619047619
0.0975609756097561	0.926829268292683
0.02127659574468085	1.0
0.06818181818181818	0.06818181818181818
0.022222222222222223	0.8222222222222222
0.061224489795918366	0.10204081632653061
0.02127659574468085	0.02127659574468085
0.02127659574468085	0.11320754716981132
0.0	0.0
0.0	0.0
0.047619047619047616	0.5272727272727272
0.0	0.30434782608695654
0.038461538461538464	0.07692307692307693
0.1346153846153846	0.18181818181818182
0.12280701754385964	0.12280701754385964
0.125	0.125
0.0847457627118644	0.9491525423728814
0.18604651162790697	0.13953488372093023
0.0	0.0
0.0	0.041666666666666664
0.5208333333333334	1.0
0.02	0.02
0.02	0.16279069767441862
0.9767441860465116	1.0
0.0	0.07692307692307693
0.0	1.0
0.04	0.08163265306122448
0.1111111111111111	0.1111111111111111
0.018867924528301886	0.018867924528301886
0.018867924528301886	0.05
0.05	0.05128205128205128
0.046511627906976744	1.0
0.0	0.0
0.0	1.0
0.034482758620689655	0.034482758620689655
0.02127659574468085	0.02127659574468085
0.02127659574468085	1.0
0.0	0.0
0.0	0.07142857142857142
0.020833333333333332	0.020833333333333332
0.020833333333333332	1.0
0.05454545454545454	0.07272727272727272
0.0	0.06382978723404255
0.0196078431372549	0.0196078431372549
0.0	0.045454545454545456
0.06818181818181818	0.06818181818181818
0.0	0.19298245614035087
0.03508771929824561	0.05357142857142857
0.0196078431372549	0.0196078431372549
0.0196078431372549	0.024390243902439025
0.024390243902439025	0.05454545454545454
0.023809523809523808	0.023809523809523808
0.047619047619047616	0.07317073170731707
0.0	0.02040816326530612
0.02040816326530612	1.0
0.07142857142857142	0.07142857142857142
0.14285714285714285	1.0
0.0	0.0
0.0	0.24444444444444444
0.023809523809523808	0.5952380952380952
0.37735849056603776	0.5094339622641509
0.04	0.04
0.047619047619047616	0.047619047619047616
0.03636363636363636	0.2545454545454545
0.038461538461538464	0.038461538461538464
0.06521739130434782	0.08695652173913043
0.2826086956521739	1.0
0.07142857142857142	0.11904761904761904
0.0	0.5178571428571429
0.0	0.0
0.0	0.06521739130434782
0.047619047619047616	0.6031746031746031
0.6031746031746031	1.0
0.0	0.275
0.19298245614035087	0.7719298245614035
0.05	0.175
0.15254237288135594	0.4576271186440678
0.22033898305084745	0.2653061224489796
0.2641509433962264	0.2641509433962264
0.17307692307692307	0.17307692307692307
0.17307692307692307	0.23333333333333334
0.23333333333333334	0.4
0.4	0.6590909090909091
0.22727272727272727	0.22727272727272727
0.16	0.16
0.18867924528301888	0.24528301886792453
0.24528301886792453	0.8260869565217391
0.05660377358490566	0.1320754716981132
0.13333333333333333	0.15555555555555556
0.2	0.2682926829268293
0.2682926829268293	1.0
0.10526315789473684	0.21052631578947367
0.0	0.0
0.05263157894736842	0.05263157894736842
0.0	0.0
0.5681818181818182	0.9615384615384616
0.21052631578947367	0.21052631578947367
0.0	0.09090909090909091
0.043478260869565216	0.043478260869565216
0.7608695652173914	1.0
0.08108108108108109	0.4594594594594595
0.6862745098039216	0.9607843137254902
0.8235294117647058	1.0
0.08163265306122448	0.32653061224489793
0.1111111111111111	0.15555555555555556
0.15555555555555556	0.7678571428571429
0.425	0.425
0.07692307692307693	0.07692307692307693
0.2222222222222222	0.5396825396825397
0.4603174603174603	0.9811320754716981
0.15384615384615385	0.15384615384615385
0.15384615384615385	0.5625
0.0	0.021739130434782608
0.023255813953488372	0.023255813953488372
0.023255813953488372	0.08108108108108109
0.0	0.0
0.0	0.024390243902439025
0.0	0.8333333333333334
0.0	0.0
0.9166666666666666	0.95
0.018518518518518517	0.018518518518518517
0.0	0.09523809523809523
0.0	0.0
0.0	0.022222222222222223
0.02857142857142857	0.02857142857142857
0.02857142857142857	1.0
0.05660377358490566	0.05660377358490566
0.07547169811320754	0.9016393442622951
0.2	0.8222222222222222
0.0	0.0
0.0	0.10909090909090909
0.0	0.0
0.0	0.7450980392156863
0.043478260869565216	0.043478260869565216
0.10869565217391304	1.0
0.03225806451612903	0.03225806451612903
0.4897959183673469	0.5510204081632653
0.1836734693877551	0.1836734693877551
0.18333333333333332	0.18333333333333332
0.18333333333333332	1.0
0.12244897959183673	0.12244897959183673
0.12244897959183673	0.5
0.17857142857142858	0.2857142857142857
0.12244897959183673	1.0
0.10869565217391304	0.34782608695652173
0.0	0.0
0.0	0.09523809523809523
0.022727272727272728	0.022727272727272728
0.0425531914893617	0.0425531914893617
0.0425531914893617	1.0
0.0	0.0
0.0	0.24489795918367346
0.0	0.2558139534883721
0.0	0.16216216216216217
0.0	0.07246376811594203
0.041666666666666664	0.041666666666666664
0.041666666666666664	1.0
1.0	1.0
0.46	0.48
0.98	1.0
0.1702127659574468	0.574468085106383
0.11475409836065574	0.2786885245901639
0.08771929824561403	0.10526315789473684
0.04	1.0
0.12	0.20754716981132076
0.12962962962962962	0.16666666666666666
0.022727272727272728	0.1590909090909091
0.02127659574468085	0.10638297872340426
0.10638297872340426	0.17307692307692307
0.25	0.9772727272727273
0.16071428571428573	0.16071428571428573
0.0	0.0
0.0	0.06382978723404255
0.06382978723404255	1.0
1.0	1.0
0.06521739130434782	0.06521739130434782
0.06521739130434782	0.8627450980392157
0.125	0.125
0.05263157894736842	0.05263157894736842
0.05263157894736842	0.15789473684210525
0.12962962962962962	0.12962962962962962
0.10909090909090909	0.10909090909090909
0.08888888888888889	0.6666666666666666
0.020833333333333332	0.020833333333333332
0.020833333333333332	1.0
0.11363636363636363	0.11363636363636363
0.11363636363636363	1.0
0.17777777777777778	0.17777777777777778
0.14634146341463414	0.1951219512195122
0.0625	0.16666666666666666
0.11764705882352941	0.11764705882352941
0.0	0.0
0.022727272727272728	0.43636363636363634
0.020833333333333332	0.020833333333333332
0.01694915254237288	0.01694915254237288
0.038461538461538464	0.038461538461538464
0.038461538461538464	0.08695652173913043
0.0	0.0
0.0	0.0
0.0	0.0
0.046511627906976744	0.0625
0.0	0.0
0.0	0.0
0.0	1.0
0.10714285714285714	0.125
1.0	1.0
0.0	0.0
0.0	0.0
0.0	0.0
0.0	0.9375
0.13793103448275862	0.6551724137931034
0.0	0.0
0.0	0.0
0.0	0.0
0.0	0.0
0.0	0.0
0.0	0.0
0.0	0.9361702127659575
0.018518518518518517	0.018518518518518517
0.0	0.0
0.0	1.0
0.02127659574468085	0.02127659574468085
0.9615384615384616	1.0
0.0	0.0
0.0	0.0
0.0	0.0
0.0	1.0
0.0	0.0
0.0	1.0
1.0	1.0
0.058823529411764705	0.6862745098039216
1.0	1.0
0.0	0.0
0.0	0.0
0.0	1.0
0.0	0.0
0.2222222222222222	0.3111111111111111
0.0392156862745098	0.11764705882352941
0.019230769230769232	0.17307692307692307
0.022222222222222223	0.35555555555555557
0.0	0.0
0.05714285714285714	0.8571428571428571
0.0	0.06818181818181818
0.13636363636363635	0.1956521739130435
0.0	0.3090909090909091
0.2	1.0
0.0851063829787234	0.0851063829787234
0.0851063829787234	0.9821428571428571
0.9821428571428571	1.0
0.08	0.08
0.30434782608695654	0.5434782608695652
0.08888888888888889	0.4888888888888889
0.1590909090909091	0.18181818181818182
0.0	0.0
0.0	0.0
0.024390243902439025	0.6829268292682927
0.0	0.0
0.037037037037037035	0.037037037037037035
0.16	0.98
0.02702702702702703	0.05405405405405406
0.16981132075471697	0.16981132075471697
0.09433962264150944	0.09433962264150944
0.0392156862745098	0.0784313725490196
0.12244897959183673	0.12244897959183673
0.02127659574468085	0.14893617021276595
0.14893617021276595	0.1956521739130435
0.12244897959183673	0.12244897959183673
0.12244897959183673	0.5490196078431373
0.043478260869565216	0.32608695652173914
0.15517241379310345	0.8103448275862069
0.06818181818181818	0.022727272727272728
0.42592592592592593	0.7222222222222222
0.14814814814814814	0.14814814814814814
0.09523809523809523	0.12698412698412698
0.09803921568627451	0.09803921568627451
0.0392156862745098	1.0
0.02564102564102564	0.05128205128205128
0.02564102564102564	0.25
0.125	0.125
0.041666666666666664	0.5625
0.2708333333333333	0.2708333333333333
0.30434782608695654	0.3695652173913043
0.10869565217391304	0.13043478260869565
0.13043478260869565	0.21739130434782608
0.21739130434782608	1.0
0.06	0.12
0.0196078431372549	0.13725490196078433
0.0	0.21153846153846154
0.07317073170731707	0.43902439024390244
0.024390243902439025	1.0
0.16981132075471697	0.7924528301886793
0.0	0.10204081632653061
0.10204081632653061	1.0
0.3	0.8
0.14634146341463414	0.1951219512195122
0.0	0.0
0.1	0.54
0.36	0.9777777777777777
0.25	0.25
0.25	1.0
0.1346153846153846	0.21153846153846154
0.0	0.0
0.0	0.0
0.0	0.0
0.0	0.0
0.0196078431372549	0.8666666666666667
0.0	0.0
0.0	1.0
0.02040816326530612	0.9183673469387755
0.02564102564102564	0.02564102564102564
0.0	0.0
0.0392156862745098	0.05405405405405406
0.9772727272727273	0.9772727272727273
0.0	0.0
0.0	0.0
0.0	1.0
0.1	0.58
0.2777777777777778	0.2777777777777778
0.02040816326530612	0.46938775510204084
0.06896551724137931	0.43103448275862066
0.0	0.0
0.0	0.0
0.022222222222222223	1.0
0.0	0.0
0.0	0.0
0.0	0.9736842105263158
0.9736842105263158	1.0
0.0	0.0
0.021739130434782608	0.1836734693877551
1.0	1.0
0.0	0.023809523809523808
0.0425531914893617	0.8297872340425532
0.0	0.06
0.02	0.09302325581395349
0.0	0.0
0.04081632653061224	0.04081632653061224
0.0	0.2
0.3829787234042553	0.3829787234042553
0.0	0.0
0.018867924528301886	0.21153846153846154
0.11320754716981132	0.2830188679245283
0.2830188679245283	0.34210526315789475
0.2549019607843137	0.2549019607843137
0.0	0.0
0.03333333333333333	0.03333333333333333
0.041666666666666664	0.041666666666666664
0.0392156862745098	0.17647058823529413
0.018518518518518517	0.018518518518518517
0.0	0.0
0.0	0.0392156862745098
0.0	0.05454545454545454
0.0	1.0
0.0392156862745098	0.5490196078431373
0.0	0.0
0.04081632653061224	0.10869565217391304
0.10869565217391304	0.35294117647058826
0.0	0.0
0.13953488372093023	1.0
0.024390243902439025	0.1951219512195122
0.21951219512195122	0.2542372881355932
0.9661016949152542	1.0
0.22448979591836735	0.22448979591836735
0.11627906976744186	0.11627906976744186
0.13953488372093023	0.14893617021276595
0.1568627450980392	0.1568627450980392
0.1568627450980392	0.23636363636363636
0.020833333333333332	0.020833333333333332
0.020833333333333332	1.0
0.8421052631578947	1.0
0.0	0.02040816326530612
0.0	0.0
0.0	0.0
0.0	0.0
0.0	0.0
0.0	0.0
0.0	0.0
0.0	0.0
0.0	0.0
0.0	1.0
1.0	1.0
0.26	0.36
0.0	0.0
0.0	1.0
0.08928571428571429	1.0
1.0	1.0
0.044444444444444446	0.044444444444444446
0.0	0.0
0.0	1.0
0.0	0.0
0.0	0.0
0.0	0.0
0.0	1.0
0.0	0.0
0.0	1.0
0.0425531914893617	0.0425531914893617
0.0	0.0
0.0	0.0
0.0	0.0
0.0	0.0
0.0	0.9574468085106383
0.0	0.0
0.0	1.0
0.0	0.0
0.0	0.0425531914893617
0.05660377358490566	0.05660377358490566
0.02631578947368421	0.02631578947368421
0.02631578947368421	1.0
0.02127659574468085	0.02127659574468085
0.02127659574468085	1.0
1.0	1.0
0.021739130434782608	0.41304347826086957
0.09302325581395349	0.23255813953488372
0.03636363636363636	1.0
0.0	0.0
0.0	0.0
0.0	1.0
1.0	1.0
0.0	0.0
0.0	0.0
0.0	1.0
0.05263157894736842	0.7543859649122807
0.023255813953488372	1.0
0.0	0.058823529411764705
0.0	0.0
0.0	0.13157894736842105
0.02040816326530612	0.673469387755102
0.02040816326530612	1.0
1.0	1.0
0.018867924528301886	0.1509433962264151
0.018867924528301886	0.10416666666666667
0.041666666666666664	0.22916666666666666
0.019230769230769232	0.07692307692307693
0.06	0.08
0.058823529411764705	0.058823529411764705
0.058823529411764705	0.6666666666666666
0.03508771929824561	0.05263157894736842
0.02857142857142857	0.02857142857142857
0.02857142857142857	0.11363636363636363
0.025	0.025
0.025	0.8260869565217391
0.42857142857142855	0.42857142857142855
0.1	0.6
0.1	0.12
0.12	0.44
0.1206896551724138	0.1206896551724138
0.1206896551724138	0.39285714285714285
0.0	0.0
0.06818181818181818	1.0
0.14583333333333334	0.20833333333333334
0.05263157894736842	0.08771929824561403
0.08333333333333333	0.08333333333333333
0.08333333333333333	0.11627906976744186
0.09302325581395349	1.0
1.0	1.0
0.06818181818181818	0.5227272727272727
0.13333333333333333	0.13333333333333333
0.02	0.44
0.08333333333333333	0.08333333333333333
0.08333333333333333	1.0
1.0	1.0
0.08	0.16
0.14035087719298245	0.14035087719298245
0.14035087719298245	0.19148936170212766
0.19148936170212766	1.0
0.6	0.65
0.08888888888888889	0.08888888888888889
0.03225806451612903	0.08064516129032258
0.06666666666666667	0.1111111111111111
0.027777777777777776	0.4166666666666667
0.05555555555555555	0.13953488372093023
0.075	0.125
0.125	0.2222222222222222
0.0	0.0
0.041666666666666664	0.125
0.0	0.0
0.0	0.19672131147540983
0.016666666666666666	0.6
0.6	0.8260869565217391
0.10606060606060606	0.10606060606060606
0.12121212121212122	0.2982456140350877
0.02702702702702703	0.02702702702702703
0.06451612903225806	0.06451612903225806
0.06451612903225806	0.06818181818181818
0.06818181818181818	0.16
0.1276595744680851	0.1276595744680851
0.0	0.0
0.0	0.0
0.0	1.0
1.0	1.0
1.0	1.0
0.0	0.0
0.0	0.0
0.022727272727272728	0.045454545454545456
0.0	0.0
0.0	0.3137254901960784
0.024390243902439025	0.3170731707317073
0.12195121951219512	0.12195121951219512
0.17073170731707318	0.39215686274509803
0.0625	0.8958333333333334
0.08333333333333333	0.7083333333333334
0.8541666666666666	1.0
0.05263157894736842	0.08771929824561403
0.05263157894736842	0.9411764705882353
0.08163265306122448	0.10204081632653061
0.0784313725490196	0.0784313725490196
0.08771929824561403	0.24561403508771928
0.0	0.05454545454545454
0.03571428571428571	0.125
0.15	0.325
0.0	0.0
0.058823529411764705	0.09803921568627451
0.09803921568627451	1.0
1.0	1.0
0.0425531914893617	0.0425531914893617
0.023809523809523808	0.30952380952380953
0.07407407407407407	0.37037037037037035
0.06818181818181818	0.22727272727272727
0.017543859649122806	0.017543859649122806
0.0	0.8679245283018868
0.20689655172413793	0.5862068965517241
0.03773584905660377	0.2830188679245283
0.041666666666666664	0.3958333333333333
0.0	0.0
0.0	0.6829268292682927
0.16	0.2
0.043478260869565216	0.043478260869565216
0.04	0.04
0.04	1.0
1.0	1.0
0.02857142857142857	0.02857142857142857
0.0	0.0
0.0425531914893617	0.1276595744680851
0.06060606060606061	0.09090909090909091
0.047619047619047616	0.09523809523809523
0.09523809523809523	0.11428571428571428
0.05454545454545454	0.9818181818181818
0.0851063829787234	0.0851063829787234
0.0851063829787234	1.0
1.0	1.0
0.8490566037735849	1.0
0.19642857142857142	0.7142857142857143
0.0	0.0
0.08	0.4
0.0	0.10416666666666667
0.057692307692307696	0.11538461538461539
0.02	0.06
0.14893617021276595	0.14893617021276595
0.1509433962264151	0.7924528301886793
0.08333333333333333	0.25
0.25	1.0
0.08	0.08
0.0	1.0
0.03773584905660377	0.5
0.058823529411764705	0.17647058823529413
0.057692307692307696	0.057692307692307696
0.0425531914893617	0.10638297872340426
0.0	0.0
0.043478260869565216	0.9130434782608695
0.0	0.1276595744680851
0.02127659574468085	0.02127659574468085
0.14893617021276595	1.0
0.23404255319148937	0.8085106382978723
0.0	0.0
0.0425531914893617	0.0851063829787234
0.0851063829787234	1.0
0.045454545454545456	0.09090909090909091
0.09090909090909091	0.7333333333333333
0.20408163265306123	0.20408163265306123
0.16326530612244897	0.16326530612244897
0.16326530612244897	0.30952380952380953
0.05555555555555555	0.05555555555555555
0.07407407407407407	0.09259259259259259
0.09259259259259259	0.21568627450980393
0.21568627450980393	0.35135135135135137
0.3137254901960784	0.3137254901960784
0.12280701754385964	0.38596491228070173
0.27419354838709675	0.3548387096774194
0.09259259259259259	0.09259259259259259
0.09259259259259259	0.24561403508771928
0.18518518518518517	0.24074074074074073
0.07692307692307693	0.7307692307692307
0.25	0.3409090909090909
0.075	0.25
0.02564102564102564	0.02564102564102564
0.07692307692307693	0.6923076923076923
0.08	0.18
0.11627906976744186	0.11627906976744186
0.06896551724137931	0.8448275862068966
0.25862068965517243	1.0
0.0	0.016666666666666666
0.1	0.2222222222222222
0.0	0.0851063829787234
0.0851063829787234	1.0
0.0	0.0
0.034482758620689655	0.034482758620689655
0.05172413793103448	1.0
0.06666666666666667	0.06666666666666667
0.07692307692307693	1.0
0.1568627450980392	0.7843137254901961
0.03773584905660377	0.8301886792452831
0.1	0.1
0.0	0.2553191489361702
0.0	0.08695652173913043
0.07692307692307693	0.09615384615384616
0.09615384615384616	1.0
0.05263157894736842	0.05263157894736842
0.0	0.06818181818181818
0.018867924528301886	0.018867924528301886
0.018867924528301886	0.7027027027027027
0.06382978723404255	1.0
0.06557377049180328	0.08196721311475409
0.04081632653061224	0.04081632653061224
0.061224489795918366	1.0
0.0	0.0
0.0	0.017543859649122806
0.017543859649122806	1.0
1.0	1.0
0.07692307692307693	0.07692307692307693
0.07692307692307693	0.09090909090909091
0.09090909090909091	0.09803921568627451
0.05555555555555555	1.0
0.2916666666666667	0.3541666666666667
0.019230769230769232	0.9230769230769231
0.12962962962962962	0.12962962962962962
0.12962962962962962	0.3
0.1276595744680851	0.9361702127659575
0.027777777777777776	0.3611111111111111
0.05714285714285714	0.05714285714285714
0.14583333333333334	0.14583333333333334
0.4791666666666667	1.0
0.043478260869565216	0.043478260869565216
0.10869565217391304	0.4230769230769231
0.13043478260869565	0.15217391304347827
0.022727272727272728	0.022727272727272728
0.022727272727272728	0.3404255319148936
0.02127659574468085	0.1702127659574468
0.06382978723404255	0.08108108108108109
